modelstatus =         2.00
x(1) =   387.9000000000
x(2) =   389.5851665873
x(3) =   391.4944928193
x(4) =   393.7766131449
x(5) =   396.4257994128
x(6) =   399.4280058152
x(7) =   402.7136540903
x(8) =   405.3658178023
x(9) =    85.3000000000
x(10) =    87.6751620618
x(11) =    88.7364433731
x(12) =    89.7226219108
x(13) =    90.7278162810
x(14) =    91.7471445972
x(15) =    92.5543778029
x(16) =    89.9740586319
x(17) =   113.9505454617
x(18) =   115.2630418744
x(19) =   116.6148381583
x(20) =   118.0290208610
x(21) =   119.5221893953
x(22) =   121.1180566571
x(23) =   122.9243867376
x(24) =   143.9963448619
x(25) =   144.0123240091
x(26) =   144.3464720844
x(27) =   144.6950131752
x(28) =   145.0287793557
x(29) =   145.1967070953
x(30) =   143.1001652208
obj =   225.1945831860
infeas =         0.00
nonopt =         0.00
