modelstatus = 2
x(1) = 3.03582
x(2) =  0.95
x(3) =  1.7037
x(4) =  0.543084
x(5) =  0.901319
x(6) =  10.4755
x(7) =  1.56164
x(8) =  1.53535
x(9) =  0.99
x(10) =  0.99
x(11) =  1.11111
x(12) =  0.99
x(13) =  1.58471
x(14) =  2
obj =  -1.765
