modelstatus =         2.00
x(1) =    -3.2146383709
x(2) =    -5.6205177902
x(3) =    -4.9527578605
x(4) =    -4.3606136563
x(5) =    -3.8366882191
x(6) =    -3.3720965995
x(7) =    -2.9596813937
x(8) =    -2.5929838998
x(9) =    -2.2665205641
x(10) =    -1.9751658395
x(11) =    -1.7144069113
x(12) =    -1.4802050375
x(13) =    -1.2689244019
x(14) =    -1.0773009186
x(15) =    -0.9023590185
x(16) =    -0.7413942960
x(17) =    -0.5919126557
x(18) =    -0.4515974284
x(19) =    -0.3182782605
x(20) =    -0.1898883365
x(21) =    -0.0644398515
x(22) =     0.0600120217
x(23) =     0.1853922905
x(24) =     0.3136436297
x(25) =     0.4467540578
x(26) =     0.5867834254
x(27) =     0.7359012898
x(28) =     0.8964134222
x(29) =     1.0708130947
x(30) =     1.2617991508
x(31) =     1.4723216070
x(32) =     1.7056497951
x(33) =     1.9653966486
x(34) =     2.2555813312
x(35) =     2.5807109009
x(36) =     2.9457700673
x(37) =     3.3565050151
x(38) =     3.8191367893
x(39) =     4.3411528742
x(40) =     4.9304039238
x(41) =     5.5954402044
x(42) =     6.3481519349
x(43) =     7.1974630293
x(44) =     8.1607000581
x(45) =     9.2474388362
x(46) =    10.4819950779
x(47) =    11.8724889806
x(48) =    13.4512891342
x(49) =    15.2372892858
x(50) =    17.2594015530
x(51) =     5.1265053897
x(52) =     1.0000000000
x(53) =     0.9116484384
x(54) =     0.8059156819
x(55) =     0.7127819667
x(56) =     0.6308089480
x(57) =     0.5587210998
x(58) =     0.4954033198
x(59) =     0.4398766669
x(60) =     0.3912816223
x(61) =     0.3488647582
x(62) =     0.3119690307
x(63) =     0.2800229112
x(64) =     0.2525316168
x(65) =     0.2290693636
x(66) =     0.2092727643
x(67) =     0.1928352311
x(68) =     0.1795021616
x(69) =     0.1690670608
x(70) =     0.1613683039
x(71) =     0.1562866379
x(72) =     0.1537433560
x(73) =     0.1536990777
x(74) =     0.1561531208
x(75) =     0.1611434801
x(76) =     0.1687474569
x(77) =     0.1790828318
x(78) =     0.1923096789
x(79) =     0.2086328260
x(80) =     0.2283050912
x(81) =     0.2516312137
x(82) =     0.2789724212
x(83) =     0.3107521353
x(84) =     0.3474625997
x(85) =     0.3896723795
x(86) =     0.4380353018
x(87) =     0.4933001115
x(88) =     0.5563228623
x(89) =     0.6280792804
x(90) =     0.7096821770
x(91) =     0.8023977450
x(92) =     0.9076561863
x(93) =     1.0270921077
x(94) =     1.1625482573
x(95) =     1.3161298882
x(96) =     1.4902112771
x(97) =     1.6875056163
x(98) =     1.9110504568
x(99) =     2.1642882380
x(100) =     2.4511740222
x(101) =     2.7761409306
x(102) =     3.0000000000
obj =     5.0722614941
infeas =         0.00
nonopt =         0.00
