modelstatus =         2.00
x(1) =    15.0000000000
x(2) =    16.9139731818
x(3) =    18.9823127677
x(4) =    21.2051125147
x(5) =    23.5798096820
x(6) =    26.1004885276
x(7) =    28.7570188566
x(8) =    31.5339937543
x(9) =    34.4094023350
x(10) =    37.3529680442
x(11) =    40.3240795423
x(12) =    43.2691342610
x(13) =    46.1181403359
x(14) =    48.7803213417
x(15) =    51.1383070341
x(16) =    53.0403272667
x(17) =    54.2895471617
x(18) =    54.6289291149
x(19) =    53.7191069542
x(20) =    51.1043288358
x(21) =    46.1564894537
x(22) =     1.6110268182
x(23) =     1.8398882413
x(24) =     2.0959010830
x(25) =     2.3820568863
x(26) =     2.7017331066
x(27) =     3.0587658320
x(28) =     3.4575332862
x(29) =     3.9030718735
x(30) =     4.4012184549
x(31) =     4.9587686886
x(32) =     5.5837418817
x(33) =     6.2856907866
x(34) =     7.0761191689
x(35) =     7.9691037445
x(36) =     8.9821781186
x(37) =    10.1375867926
x(38) =    11.4643741816
x(39) =    13.0016514119
x(40) =    14.8044168089
x(41) =    16.9546406520
x(42) =     4.2750000000
x(43) =     4.7539264864
x(44) =     5.2678164683
x(45) =     5.8170096794
x(46) =     6.4014024362
x(47) =     7.0203205875
x(48) =     7.6723591267
x(49) =     8.3551801419
x(50) =     9.0652542808
x(51) =     9.7975285890
x(52) =    10.5450005774
x(53) =    11.2981535746
x(54) =    12.0442071914
x(55) =    12.7661055040
x(56) =    13.4411137030
x(57) =    14.0388230508
x(58) =    14.5182334929
x(59) =    14.8232757069
x(60) =    14.8755940382
x(61) =    14.5620177117
x(62) =    13.7105041437
obj =  -179.1335578648
infeas =         0.00
nonopt =         0.00
