modelstatus =         2.00
x(1) =     0.0397832468
x(2) =     0.1463081436
x(3) =     0.7853698582
x(4) =     0.0013900514
x(5) =     0.4851698708
x(6) =     0.0010000000
x(7) =     0.0272702070
x(8) =     0.0175603813
x(9) =     0.0369694020
x(10) =     0.0958607495
x(11) =     1.6366819106
obj =   -47.7065148308
infeas =         0.00
nonopt =         0.00
