modelstatus =         1.00
x(1) =   112.8803007510
x(2) =   358.9296696240
x(3) =   182.7990997690
x(4) =   638.1785153990
x(5) =     2.4921397523
x(6) =     2.3725082398
x(7) =     3.0102237922
x(8) =     2.2959409092
x(9) =     0.2862106220
x(10) =     0.3946154065
x(11) =     0.3173247572
x(12) =     0.5838444079
x(13) =     0.2268613415
x(14) =     0.2470220453
x(15) =     0.6158262360
x(16) =     0.4280241253
x(17) =     1.6539063404
x(18) =   105.6230496860
x(19) =     0.0000000000
x(20) =     0.0000000000
x(21) =     0.0000000000
x(22) =    91.7011543128
x(23) =     1.0000000000
x(24) =     1.0000000000
x(25) =     1.1632280547
x(26) =     0.9917304683
x(27) =     0.9943769503
x(28) =     1.0000000000
x(29) =     4.0000000000
x(30) =     4.0000000000
x(31) =     0.3426651620
x(32) =     0.1525537767
x(33) =     0.3176339118
x(34) =    14.1845944345
x(35) =     0.0027431613
x(36) =     1.1936559880
x(37) =     1.3827035878
x(38) =     2.7806297013
x(39) =     2.2959409092
x(40) =   111.2263944110
x(41) =   242.0185898630
x(42) =   216.0312269690
x(43) =   489.6436443840
obj = -1058.9198556300
infeas =         0.00
nonopt =         0.00
