modelstatus =         2.00
x(1) =     5.3880763381
x(2) =     6.3990975587
x(3) =     4.5742477881
obj =     4.5742477881
infeas =         0.00
nonopt =         0.00
