modelstatus =         1.00
x(1) =  1843.7883112500
x(2) =   892.1354772560
x(3) =   768.0788568510
x(4) =  2399.9999706200
x(5) =  3794.3001376700
x(6) =   643.3333085090
x(7) =  1229.1922075000
x(8) =   288.8373982700
x(9) =   892.1354772560
x(10) =   256.0262856170
x(11) =  1622.6460296300
x(12) =  1897.1500688300
x(13) =   214.4444361700
x(14) = -1.1051182102E+6
x(15) = 1.58180921092E+6
x(16) = 1.79573568265E+5
x(17) = 42721.9666394000
x(18) = 2.54395465813E+5
x(19) = 6.55118206887E+5
x(20) = 1.13180920760E+6
x(21) =  8070.3674994900
x(22) =  5518.8579066900
x(23) = 16268.5459465000
x(24) = 25000.0000000000
x(25) = 25000.0000000000
x(26) = 18349.4295404000
x(27) = 22329.3103208000
x(28) = 24248.4360190000
x(29) = 15228.6024359000
x(30) = 25000.0000000000
x(31) = 25000.0000000000
x(32) =  8359.1859604200
x(33) =     0.0000000000
x(34) =     0.0000000000
x(35) =     0.0000000000
x(36) =  6295.7760327500
x(37) = 22140.2728232000
x(38) =     0.0000000000
x(39) =     0.0000000000
x(40) =     0.0000000000
x(41) =     0.0000000000
x(42) = 23480.9072692000
x(43) = 11681.9103280000
x(44) =     0.0000000000
x(45) =  1333.0956843200
x(46) =     0.0000000000
x(47) =  1843.7883112500
x(48) =  1733.0243896200
x(49) =   892.1354772560
x(50) =   768.0788568510
x(51) =  2433.9690444400
x(52) =  3794.3001376700
x(53) =   643.3333085090
x(54) =  1068.0491659900
x(55) =     0.0000000000
x(56) =   139.6394300350
x(57) =   204.3691793020
x(58) =   112.8430612770
x(59) =   300.0000048960
x(60) =    70.2099949280
x(61) =    91.3333382981
x(62) =     0.0000000000
x(63) =    33.9690738143
x(64) =     0.0000000000
x(65) =     0.0000000000
x(66) =     0.0000000000
x(67) =     0.0000000000
x(68) = 1.65350595589E+6
x(69) =   842.1449900910
x(70) = 10190.7221443000
obj = -1.5890423862E+6
infeas =         0.00
nonopt =         0.00
