modelstatus =         2.00
x(1) =    50.0000000000
x(2) =    75.4858804799
x(3) =    93.2622541695
x(4) =     8.7481346494
obj =  3155.2879268581
infeas =         0.00
nonopt =         0.00
