modelstatus =         2.00
x(1) =     0.8525256216
x(2) =     0.4789113910
x(3) =    -0.7166692947
x(4) =    -0.2974290976
x(5) =    -0.5992907696
x(6) =     0.1338722637
x(7) =     0.8432473330
x(8) =     0.1426469758
x(9) =    -0.1524454011
x(10) =    -0.5801005215
x(11) =    -0.7569652006
x(12) =     0.0699246092
x(13) =    -0.1460083475
x(14) =     0.9057486959
x(15) =     0.3819836527
x(16) =     0.7166801672
x(17) =    -0.2405752822
x(18) =    -0.0607788908
x(19) =     0.4940366237
x(20) =    -0.0454942954
x(21) =     0.9686482533
x(22) =     0.5966961476
x(23) =    -0.3361702866
x(24) =    -0.5367428846
x(25) =     0.2081312871
x(26) =    -0.2632566390
x(27) =    -0.9737415113
x(28) =    -0.6830796339
x(29) =    -0.7568067591
x(30) =    -0.0033864749
x(31) =     0.2155349193
x(32) =    -0.7943823495
x(33) =    -0.5372627684
x(34) =     0.7262828231
x(35) =    -0.4419408652
x(36) =     0.2516885081
x(37) =    -0.3569327907
x(38) =    -0.9570731377
x(39) =     0.7012608396
x(40) =     0.3678003850
x(41) =     0.5325445071
x(42) =    -0.4028071790
x(43) =     0.6020381172
x(44) =     0.9558540600
x(45) =     0.3073207924
x(46) =     0.3365536007
x(47) =    -0.8841646046
x(48) =     0.7348711140
x(49) =    -0.8853600491
x(50) =    -0.1159675095
x(51) =     0.5119373551
x(52) =    -0.4830272264
x(53) =    -0.5562557487
x(54) =     0.6889605741
x(55) =     0.2846167021
x(56) =    -0.8772626121
x(57) =    -0.3448738613
x(58) =    -0.8090877483
x(59) =     0.1454640879
x(60) =     0.4086173711
x(61) =     0.5517259120
x(62) =     0.9090027478
x(63) =     0.2278198281
x(64) =    -0.4155160478
x(65) =     0.0125856397
x(66) =     0.5562466173
x(67) =    -0.9364665872
x(68) =    -0.4143438031
x(69) =     0.8688006368
x(70) =    -0.2667371747
x(71) =     0.1167149562
x(72) =    -0.7629025632
x(73) =    -0.9077968353
x(74) =    -0.1327090768
x(75) =    -0.9777005500
x(76) =    -0.6575080819
x(77) =     0.2253944489
x(78) =    -0.7238702275
x(79) =     0.6163178889
x(80) =     0.9967359439
x(81) =     0.5344573238
x(82) =    -0.3851211606
x(83) =    -0.2232839941
x(84) =     0.0783627469
x(85) =     0.8830150746
x(86) =     0.8304511256
x(87) =     0.8414820401
x(88) =    -0.2896628325
x(89) =     0.2804987279
x(90) =     0.4352346129
x(91) =     0.7126162485
x(92) =    -0.6537848985
x(93) =    -0.7364444277
x(94) =     0.0418319897
x(95) =    -0.0607662200
x(96) =    -0.5368890426
x(97) =    -0.0393694625
x(98) =    -0.2884971127
x(99) =     0.1109273907
x(100) =     0.6100407970
x(101) =     0.1054562476
x(102) =    -0.7330272820
x(103) =     0.4206720704
x(104) =     0.6609611283
x(105) =     0.7482273492
x(106) =     0.4609653197
x(107) =    -0.4123058085
x(108) =    -0.5701133339
x(109) =    -0.9775487353
x(110) =    -0.7046389780
x(111) =     0.3501463265
x(112) =     0.4108837104
x(113) =     0.9626941871
x(114) =     0.0834630664
x(115) =     0.9240835988
x(116) =    -0.4206655563
x(117) =    -0.2552536625
x(118) =    -0.9080889795
x(119) =    -0.0333737295
x(120) =     0.9626951339
x(121) =    -0.2193136863
x(122) =    -0.2488648115
x(123) =     0.2507887093
x(124) =    -0.8332442358
x(125) =    -0.0279909862
x(126) =     0.7059599679
x(127) =     0.0320149844
x(128) =    -0.0970290841
x(129) =    -0.2177077758
x(130) =    -0.0806645501
x(131) =     0.8172518951
x(132) =    -0.4697221942
x(133) =     0.8133224281
x(134) =    -0.6829149163
x(135) =     0.1580292514
x(136) =    -0.4969955163
x(137) =    -0.4055957254
x(138) =     0.0103324352
x(139) =     0.6554039636
x(140) =    -0.8217627894
x(141) =     0.4567005457
x(142) =    -0.6405560937
x(143) =     0.3085451550
x(144) =     0.2908500813
x(145) =    -0.9496641650
x(146) =     0.7736163697
x(147) =     0.4655138932
x(148) =     0.6137870290
x(149) =    -0.4514788898
x(150) =    -0.7838384772
obj =  1055.1820437007
infeas =         0.00
nonopt =         0.00
