modelstatus =         2.00
x(1) =    -0.0905156982
x(2) =     0.7641673061
x(3) =    -0.2136842771
x(4) =     0.5013634663
x(5) =    -0.7770217866
x(6) =    -0.9329885775
x(7) =    -0.8039815535
x(8) =    -0.5047318974
x(9) =    -0.2034132241
x(10) =     0.8461099238
x(11) =     0.2145954737
x(12) =    -0.9063735272
x(13) =     0.8826819426
x(14) =     0.2147597899
x(15) =     0.4338773273
x(16) =     0.5967692936
x(17) =    -0.0643392286
x(18) =     0.4647781388
x(19) =    -0.2972997470
x(20) =     0.1605275840
x(21) =    -0.5075649410
x(22) =     0.3149340108
x(23) =    -0.5525950641
x(24) =    -0.4670894768
x(25) =     0.9264200537
x(26) =     0.1365977391
x(27) =     0.3686563689
x(28) =    -0.5352833840
x(29) =    -0.2273780929
x(30) =    -0.1163499901
x(31) =    -0.3585972489
x(32) =     0.0500341893
x(33) =    -0.5965090078
x(34) =     0.0701838685
x(35) =    -0.2184715687
x(36) =    -0.5283967407
x(37) =     0.4218265140
x(38) =     0.4225007618
x(39) =     0.7825477653
x(40) =     0.8986469520
x(41) =    -0.7804217679
x(42) =    -0.9691738389
x(43) =     0.2165617058
x(44) =     0.9531954799
x(45) =     0.7115882005
x(46) =    -0.8230732086
x(47) =    -0.8347858908
x(48) =     0.5671430166
x(49) =     0.6708536030
x(50) =    -0.2812974796
x(51) =    -0.9864830467
x(52) =    -0.5292839402
x(53) =    -0.8171972661
x(54) =    -0.8348260008
x(55) =    -0.6186274682
x(56) =     0.0306661317
x(57) =     0.5925456895
x(58) =     0.6240377978
x(59) =     0.9765745690
x(60) =     0.4861774573
x(61) =     0.8214291390
x(62) =    -0.0234434127
x(63) =     0.2058305263
x(64) =     0.5843780689
x(65) =    -0.0646906609
x(66) =     0.1865705649
x(67) =     0.2378304470
x(68) =     0.8585353153
x(69) =    -0.0550591916
x(70) =    -0.6840132511
x(71) =    -0.2548110171
x(72) =    -0.4516081206
x(73) =    -0.6107272360
x(74) =     0.5760065336
x(75) =    -0.2502355412
obj =   243.8127037781
infeas =         0.00
nonopt =         0.00
