modelstatus =         2.00
x(1) =     3.6716616105
x(2) =     4.3654777924
x(3) =     5.2794845708
x(4) =     6.4820025009
x(5) =     8.0289287033
x(6) =     9.9402981792
x(7) =    12.1959685777
x(8) =    14.7626112773
x(9) =     0.6610939023
x(10) =     0.7412795396
x(11) =     0.8561053469
x(12) =     0.9936282547
x(13) =     1.1597329756
x(14) =     1.3602389150
x(15) =     1.5995178970
x(16) =     1.8802261818
x(17) =     2.2048125219
x(18) =    11.3785790571
x(19) =    12.0293435802
x(20) =    13.1363979184
x(21) =    14.5088828603
x(22) =    16.2721571260
x(23) =    18.5513372545
x(24) =    21.4384602286
x(25) =    24.9811501033
x(26) =    29.2031171475
x(27) =     3.7123418646
x(28) =     4.1873340577
x(29) =     4.7333889085
x(30) =     5.3603605468
x(31) =     6.0852388424
x(32) =     6.9342809611
x(33) =     7.9399751310
x(34) =     9.1329395523
x(35) =    10.9734580065
x(36) =    12.3265761708
x(37) =    13.7224152751
x(38) =    15.5543605528
x(39) =    17.9620854942
x(40) =    21.1277966048
x(41) =    25.2559572153
x(42) =    30.5333161443
x(43) =    37.0920009290
x(44) =    45.0064161341
x(45) =     4.8606443215
x(46) =     5.5376505760
x(47) =     6.3459070027
x(48) =     7.3134466242
x(49) =     8.4748438463
x(50) =     9.8689971830
x(51) =    11.5353345048
x(52) =    13.5111649881
x(53) =    15.8327263874
x(54) =     1.5744139035
x(55) =     1.8306579142
x(56) =     2.1391673127
x(57) =     2.5116591435
x(58) =     2.9588408943
x(59) =     3.4884236492
x(60) =     4.1055681752
x(61) =     4.8160913433
x(62) =     2.6995256463
x(63) =     2.9423990480
x(64) =     3.2552571961
x(65) =     3.6478760961
x(66) =     4.1341115486
x(67) =     4.7310806005
x(68) =     5.4571118488
x(69) =     6.3298061911
x(70) =     7.3659636712
x(71) =    52.1472139371
x(72) =    54.5487580804
x(73) =    57.6139659452
x(74) =    61.4857376925
x(75) =    66.4059489323
x(76) =    72.6969349721
x(77) =    80.7135562040
x(78) =    90.7927801583
x(79) =   103.2330712278
x(80) =     0.7473547073
x(81) =     0.8885787210
x(82) =     1.0746218102
x(83) =     1.3193904003
x(84) =     1.6342621673
x(85) =     2.0233151702
x(86) =     2.4824494994
x(87) =     3.0048812230
x(88) =     3.1504491294
x(89) =     0.4009477496
x(90) =     0.4617377972
x(91) =     0.5378962841
x(92) =     0.6336956771
x(93) =     0.7553428365
x(94) =     0.9114010516
x(95) =     1.1129098744
x(96) =     1.3733442128
x(97) =     1.7088192515
obj =   -15.2946756434
infeas =         0.00
nonopt =         0.00
