modelstatus =         2.00
x(1) =   300.4328019769
x(2) =     0.0000000000
obj =     0.0000000000
infeas =         0.00
nonopt =         0.00
