modelstatus =         2.00
x(1) =     0.1873074156
x(2) =     0.5604547107
x(3) =     0.2522378737
x(4) =    72.9642671222
x(5) =     0.0000000000
obj =     0.0000000000
infeas =         0.00
nonopt =         0.00
