modelstatus =         2.00
x(1) =     0.6244876220
x(2) =     0.3755123780
x(3) =    58.1284597255
x(4) =     0.0000000000
obj =     0.0000000000
infeas =         0.00
nonopt =         0.00
