modelstatus =         1.00
x(1) =     0.8999999526
x(2) =     0.4499874720
x(3) =     1.0000064825
x(4) =     2.0000685416
x(5) =     7.9999714405
x(6) =     7.9996926842
x(7) =     5.0000312759
x(8) =     0.9999877235
x(9) =     2.0000524835
x(10) =     0.0000000000
obj =     0.0000000000
infeas =         0.00
nonopt =         0.00
