modelstatus =         2.00
x(1) =     0.7772223639
x(2) =     0.2227776361
x(3) =    77.1864438347
x(4) =     0.0000000000
obj =     0.0000000000
infeas =         0.00
nonopt =         0.00
