modelstatus =         2.00
x(1) =    -0.2708445907
x(2) =    -0.9230385565
x(3) =     0.0000000000
obj =     0.0000000000
infeas =         0.00
nonopt =         0.00
