modelstatus =         2.00
x(1) =     0.2954578936
x(2) =     0.1475902445
x(3) =     0.4629387710
x(4) =     0.0940130909
x(5) =    57.1536489363
x(6) =     0.0000000000
obj =     0.0000000000
infeas =         0.00
nonopt =         0.00
