modelstatus =         2.00
x(1) =     0.2994486847
x(2) =     2.8369277745
x(3) =     0.0000000000
obj =     0.0000000000
infeas =         0.00
nonopt =         0.00
