modelstatus =         2.00
x(1) =     0.3223806582
x(2) =     0.3225015118
x(3) =     0.2223442136
x(4) =     0.1327736164
x(5) =    63.5589265234
x(6) =     0.0000000000
obj =     0.0000000000
infeas =         0.00
nonopt =         0.00
