modelstatus =         1.00
x(1) =     0.0000145067
x(2) =     6.8933528699
x(3) =     0.0000000000
obj =     0.0000000000
infeas =         0.00
nonopt =         0.00
