modelstatus = 2
x(1) = 1
x(2) =  1
x(3) =  1
x(4) =  1
x(5) =  1
x(6) =  5.36775e-17
obj =  5.36775e-17
