modelstatus =         2.00
x(1) =     0.3709443577
x(2) =     0.6290556423
x(3) =    60.6325035277
x(4) =     0.0000000000
obj =     0.0000000000
infeas =         0.00
nonopt =         0.00
