modelstatus =         2.00
x(1) =     0.0129039158
x(2) =     0.6041471773
x(3) =     0.3829489069
x(4) =    61.5851856717
x(5) =     0.0000000000
obj =     0.0000000000
infeas =         0.00
nonopt =         0.00
