modelstatus =         2.00
x(1) =     0.2723724930
x(2) =     0.4652014184
x(3) =     0.2624260886
x(4) =    54.2545351875
x(5) =     0.0000000000
obj =     0.0000000000
infeas =         0.00
nonopt =         0.00
