modelstatus =         2.00
x(1) =     0.8780150871
x(2) =     0.1219849129
x(3) =    55.7264866480
x(4) =     0.0000000000
obj =     0.0000000000
infeas =         0.00
nonopt =         0.00
