modelstatus =         2.00
x(1) =     0.0034302305
x(2) =    31.3264934970
x(3) =     0.0683504051
x(4) =     0.8595289960
x(5) =     0.0369624414
x(6) =     0.0000000000
obj =     0.0000000000
infeas =         0.00
nonopt =         0.00
