modelstatus =         1.00
x(1) =     0.7249868948
x(2) =     0.2452408206
x(3) =     0.0000000000
obj =     0.0000000000
infeas =         0.00
nonopt =         0.00
