modelstatus = 2
x(1) = 0.671554
x(2) =  0.740955
x(3) =  -0.651591
x(4) =  -0.758571
x(5) =  -0.962545
x(6) =  0.271122
x(7) =  -0.437578
x(8) =  -0.899181
x(9) =  1.61338e-16
obj =  1.61338e-16
