modelstatus =         2.00
x(1) =     0.0000000000
x(2) =     0.0000000000
x(3) =     0.0000000000
x(4) =     0.2500000000
x(5) =     0.2500000000
x(6) =     0.2500000000
x(7) =     0.2500000000
x(8) =     0.0000000000
x(9) =     0.0000000000
x(10) =     0.0000000000
obj =    -0.3750000000
infeas =         0.00
nonopt =         0.00
