modelstatus =         2.00
x(1) =     0.0000000000
x(2) =     1.0000000000
x(3) =     0.0000000000
x(4) =     1.0000000000
x(5) =     1.0000000000
x(6) =    20.0000000000
obj =  -213.0000000000
infeas =         0.00
nonopt =         0.00
