modelstatus =         1.00
x(1) =     1.0000000000
x(2) =     1.0000000000
x(3) =     1.0000000000
x(4) =     1.0000000000
x(5) =     1.0000000000
x(6) =     1.0000000000
x(7) =     1.0000000000
x(8) =     1.0000000000
x(9) =     1.0000000000
x(10) =     3.0000000000
x(11) =     3.0000000000
x(12) =     3.0000000000
x(13) =     1.0000000000
obj =   -15.0000000000
infeas =         0.00
nonopt =         0.00
