modelstatus =         1.00
x(1) =     0.0000000000
x(2) =     0.0000000000
x(3) =     1.0428999241
x(4) =     0.0000000000
x(5) =     0.0000000000
x(6) =     0.0000000000
x(7) =     0.0000000000
x(8) =     0.0000000000
x(9) =     0.0000000000
x(10) =     0.0000000000
x(11) =     1.7467437901
x(12) =     0.0000000000
x(13) =     0.4314708838
x(14) =     0.0000000000
x(15) =     0.0000000000
x(16) =     4.4330502738
x(17) =     0.0000000000
x(18) =    15.8589317580
x(19) =     0.0000000000
x(20) =    16.4869033700
obj = -4150.4101339300
infeas =         0.00
nonopt =         0.00
