modelstatus =         2.00
x(1) =     0.0000000000
x(2) =     0.0000000000
x(3) =     0.0000000000
x(4) =    62.6086956522
x(5) =     0.0000000000
x(6) =     0.0000000000
x(7) =     0.0000000000
x(8) =     0.0000000000
x(9) =     0.0000000000
x(10) =     0.0000000000
x(11) =     0.0000000000
x(12) =     0.0000000000
x(13) =     0.0000000000
x(14) =     0.0000000000
x(15) =     0.0000000000
x(16) =     4.3478260870
x(17) =     0.0000000000
x(18) =     0.0000000000
x(19) =     0.0000000000
x(20) =     0.0000000000
obj = 49318.0179584122
infeas =         0.00
nonopt =         0.00
