modelstatus = 2
x(1) = 3.92065e-20
x(2) =  6
x(3) =  1.51959e-21
x(4) =  1
x(5) =  1
x(6) =  2.49805e-21
obj =  -11
