modelstatus =         2.00
x(1) =     1.0000000000
x(2) =     0.9075471698
x(3) =     0.0000000000
x(4) =     1.0000000000
x(5) =     0.7150943396
x(6) =     1.0000000000
x(7) =     0.0000000000
x(8) =     0.9169811321
x(9) =     1.0000000000
x(10) =     1.0000000000
obj =  -268.0146315415
infeas =         0.00
nonopt =         0.00
