modelstatus =         1.00
x(1) =     6.0000000000
x(2) =     2.0000000000
x(3) =     0.0000000000
x(4) =     0.0000000000
x(5) =     0.0000000000
x(6) =     3.0000000000
x(7) =     0.0000000000
x(8) =    21.0000000000
x(9) =    20.0000000000
x(10) =     0.0000000000
x(11) =     0.0000000000
x(12) =     0.0000000000
x(13) =     0.0000000000
x(14) =    24.0000000000
x(15) =     0.0000000000
x(16) =     0.0000000000
x(17) =     3.0000000000
x(18) =     0.0000000000
x(19) =    13.0000000000
x(20) =     0.0000000000
x(21) =     0.0000000000
x(22) =    12.0000000000
x(23) =     0.0000000000
x(24) =     0.0000000000
obj = 15639.0000000000
infeas =         0.00
nonopt =         0.00
