modelstatus =         1.00
x(1) =     5.0000000000
x(2) =     5.0000000000
x(3) =     5.0000000000
x(4) =     1.0000000000
x(5) =     0.0000000000
x(6) =    10.0000000000
obj =  -310.0000000000
infeas =         0.00
nonopt =         0.00
