modelstatus =         1.00
x(1) =   584.3281753710
x(2) =  1354.1644988200
x(3) =  5110.7156710100
x(4) =   182.4326253100
x(5) =   295.5675732140
x(6) =   217.5673746900
x(7) =   286.8650520960
x(8) =   395.5675732140
obj =  7049.2083452100
infeas =         0.00
nonopt =         0.00
