modelstatus =         2.00
x(1) =     1.0911650371
obj =  -663.5000966105
infeas =         0.00
nonopt =         0.00
