modelstatus =         1.00
x(1) =     2.3295201975
x(2) =     3.1784970741
obj =    -5.5080172716
infeas =         0.00
nonopt =         0.00
