modelstatus = 2
x(1) = 3.47734e-08
x(2) =  -6.66808e-07
obj =  4.23865e-13
