modelstatus =         2.00
x(1) =    -0.9999999981
obj =    -7.5000000000
infeas =         0.00
nonopt =         0.00
