modelstatus =         2.00
x(1) =     6.3256540934
obj =  -443.6717047411
infeas =         0.00
nonopt =         0.00
