modelstatus =         1.00
x(1) =    -1.1912998142
obj =    -7.4873123649
infeas =         0.00
nonopt =         0.00
