modelstatus =         2.00
x(1) =    -2.9999999998
obj =     7.0000000000
infeas =         0.00
nonopt =         0.00
