modelstatus =         2.00
x(1) =     0.7175361968
x(2) =     1.4698420807
obj =   -16.7388931844
infeas =         0.00
nonopt =         0.00
