modelstatus =         2.00
x(1) =    10.0000000000
x(2) =     0.0000000000
x(3) =    10.0000000000
x(4) =    10.0000000000
x(5) =   210.0000000000
x(6) =   150.0000000000
x(7) =   310.0000000000
x(8) =   210.0000000021
x(9) =   190.0000000000
x(10) =    40.0000000000
x(11) =   139.9999999979
x(12) =    50.0000000000
x(13) =     0.0000000000
x(14) =    10.0000000000
x(15) =    10.0000000000
x(16) =     0.0000000000
obj =  4845.4620049768
infeas =         0.00
nonopt =         0.00
