modelstatus =         1.00
x(1) =  1026.9837379900
x(2) =  1000.0000000000
x(3) =  5485.2422080100
x(4) =   265.0623821520
x(5) =   280.5902123070
x(6) =   134.9376178480
x(7) =   284.4721698450
x(8) =   380.5902123070
obj =  7512.2259460000
infeas =         0.00
nonopt =         0.00
