modelstatus =         1.00
x(1) =    40.0000000000
x(2) =    40.0000000000
x(3) =     0.0000000000
x(4) =    20.0000000000
x(5) =     0.0000000000
x(6) =    20.0000000000
x(7) =     0.5000000000
x(8) =     0.5000000000
x(9) =     0.0000000000
x(10) =     1.0000000000
x(11) =    60.0600600601
x(12) =     0.0000000000
x(13) =    90.0900900901
x(14) =   149.8498498500
x(15) =    20.0000000000
x(16) =     0.0000000000
x(17) =    20.0000000000
x(18) =     0.0000000000
x(19) =     0.0000000000
x(20) =    20.0000000000
x(21) =     0.0000000000
x(22) =    20.0000000000
obj =     1.8641594595
infeas =         0.00
nonopt =         0.00
