modelstatus =         2.00
x(1) =   161.9917801670
x(2) =   115.4965353630
x(3) =   144.7219979910
x(4) =     0.2500000000
x(5) =     0.3330000000
x(6) =     0.1670000000
x(7) =     0.2500000000
x(8) =     0.3330000000
x(9) =     0.1670000000
x(10) =     0.1618345527
x(11) =     0.2554266166
x(12) =     0.2213898012
x(13) =    34.4232532855
x(14) =     0.0000000000
x(15) =   127.5685268820
x(16) =     0.0000000000
x(17) =     0.0000000000
x(18) =   127.5685268820
x(19) =    64.4586163859
x(20) =     0.0000000000
x(21) =    64.4586163859
x(22) =    51.0379189768
x(23) =    51.0379189768
x(24) =     0.0000000000
x(25) =   100.2711174360
x(26) =     0.0000000000
x(27) =     0.0000000000
x(28) =     0.0000000000
x(29) =    44.4508805551
x(30) =    44.4508805551
x(31) =     0.2500000000
x(32) =     1.0000000000
x(33) =     0.0000000000
x(34) =     0.0476190476
x(35) =     0.4228571429
x(36) =     0.2120634921
x(37) =     0.3174603175
x(38) =     0.2500000000
x(39) =     0.4479483963
x(40) =     0.5071671743
x(41) =     0.0448844293
x(42) =     0.1130346232
x(43) =     0.3212265218
x(44) =     0.5657388549
x(45) =     0.3613490295
x(46) =     0.2335769306
x(47) =     0.3686590042
x(48) =     0.3195334321
x(49) =     0.0782306332
x(50) =     0.0000000000
x(51) =     1.0000000000
x(52) =   161.9917801670
x(53) =   115.4965353630
x(54) =    93.6840790145
x(55) =    60.2046976122
x(56) =   168.6229078430
x(57) =    34.4232532855
x(58) =     0.0000000000
x(59) =     0.0000000000
x(60) =     0.0000000000
x(61) =   100.2711174360
x(62) =     0.0000000000
obj =     3.2340182235
infeas =         0.00
nonopt =         0.00
