modelstatus = 2
x(1) = 1.5
x(2) =  8.0638e-14
x(3) =  200
x(4) =  1.29504e-13
x(5) =  200
x(6) =  50
x(7) =  150
x(8) =  9.71031e-12
x(9) =  4.16334e-17
obj =  -750
