modelstatus = 2
x(1) = 1
x(2) =  4.07665e-15
x(3) =  100
x(4) =  0
x(5) =  200
x(6) =  7.10543e-15
x(7) =  100
x(8) =  0
x(9) =  100
obj =  -400
