modelstatus =         2.00
x(1) =    35.0000000000
x(2) =     0.0000000000
x(3) =    35.0000000000
x(4) =    10.0000000000
x(5) =     0.0000000000
x(6) =     0.0000000000
x(7) =    35.0000000000
x(8) =     0.0000000000
x(9) =     0.0000000000
x(10) =   100.0000000000
x(11) =   157.1428571429
x(12) =   100.0000000000
x(13) =   200.0000000000
x(14) =   157.1428571429
x(15) =   200.0000000000
x(16) =    52.8571428571
x(17) =    30.0000000000
x(18) =    10.0000000000
x(19) =    60.0000000000
x(20) =    10.0000000000
x(21) =    22.8571428571
x(22) =    35.0000000000
x(23) =     0.0000000000
x(24) =    10.0000000000
x(25) =    10.0000000000
x(26) =     0.0000000000
x(27) =    35.0000000000
obj = 10077.7754038414
infeas =         0.00
nonopt =         0.00
