modelstatus =         2.00
x(1) =     0.0000000000
x(2) =     0.0000000000
x(3) =     0.6666666758
x(4) =     0.0000000000
x(5) =     0.0000000000
x(6) =     0.0000000000
x(7) =     0.0000000000
x(8) =     0.0000000000
x(9) =     0.0000000000
x(10) =     1.0000000000
x(11) =     1.0000000000
x(12) =     0.3333333150
x(13) =     0.0000000000
x(14) =   100.6648675822
x(15) =     0.0000000000
x(16) =     0.0000000000
x(17) =     0.0000000000
x(18) =     0.0000000000
x(19) =    99.3351324178
x(20) =    50.0000018340
x(21) =    50.0000016106
x(22) =    50.0000018340
x(23) =   100.0000000000
x(24) =     0.0000000000
x(25) =    49.9999981660
x(26) =    49.9999983894
x(27) =    49.9999981660
x(28) =     0.0000000000
x(29) =     0.0000000000
x(30) =     0.0000000000
x(31) =     0.0000000000
x(32) =     0.0000000000
obj = -3500.0000528772
infeas =         0.00
nonopt =         0.00
