modelstatus =         1.00
x(1) =     3.0000000000
x(2) =   300.0000000000
x(3) =     0.0000000000
x(4) =   600.0000000000
x(5) =     0.0000000000
x(6) =   300.0000000000
x(7) =     0.0000000000
x(8) =   300.0000000000
x(9) =     0.0000000000
obj =  -600.0000000000
infeas =         0.00
nonopt =         0.00
