modelstatus =         2.00
x(1) =     0.0000000000
x(2) =     0.5000000000
x(3) =     0.5000000000
x(4) =     0.0000000000
x(5) =   100.0000000000
x(6) =     0.0000000000
x(7) =   100.0000000000
obj =  -450.0000000000
infeas =         0.00
nonopt =         0.00
