modelstatus =         2.00
x(1) =     0.3359506625
x(2) =     0.0088010864
x(3) =     0.0552482511
x(4) =     0.0019360452
x(5) =     0.0006516946
x(6) =     0.0974122601
x(7) =     0.1470341074
x(8) =     0.3075977449
x(9) =     0.0453681478
obj =    -0.1608476155
infeas =         0.00
nonopt =         0.00
