modelstatus =         2.00
x(1) =     0.7154049701
x(2) =     0.0033592184
x(3) =     0.2812358114
obj =    -0.0270063488
infeas =         0.00
nonopt =         0.00
