modelstatus =         2.00
x(1) =     0.0800000000
x(2) =     0.0000001000
x(3) =     0.3000000000
x(4) =     0.0000001000
x(5) =     0.6200000000
x(6) =     0.0000001000
obj =    -0.2162096743
infeas =         0.00
nonopt =         0.00
