modelstatus =         2.00
x(1) =     0.4993917019
x(2) =     0.0006082981
x(3) =     0.3455717802
x(4) =     0.1544282198
x(5) =     0.9008565860
x(6) =     0.0238082131
x(7) =     0.6920329947
x(8) =     0.9987738709
obj =    -0.0202358630
infeas =         0.00
nonopt =         0.00
