modelstatus =         2.00
x(1) =     0.0042108471
x(2) =     0.9957891529
x(3) =     0.0258958195
x(4) =     0.9986994942
obj =    -0.0324667330
infeas =         0.00
nonopt =         0.00
