modelstatus =         2.00
x(1) =     0.0000669371
x(2) =     0.9968652973
x(3) =     0.0030677656
x(4) =     0.0004533501
x(5) =     0.9979953984
x(6) =     0.0126665037
obj =    -0.2945412808
infeas =         0.00
nonopt =         0.00
