modelstatus =         2.00
x(1) =     0.0001624929
x(2) =     0.4998375071
x(3) =     0.4548589217
x(4) =     0.0451410783
obj =    -0.0340661841
infeas =         0.00
nonopt =         0.00
