modelstatus =         2.00
x(1) =     0.3298729217
x(2) =     0.0071159681
x(3) =     0.6630111102
obj =     0.0000015569
infeas =         0.00
nonopt =         0.00
