modelstatus =         2.00
x(1) =     0.0000110031
x(2) =     0.2994889969
x(3) =     0.1340789161
x(4) =     0.0657210839
x(5) =     0.0006277465
x(6) =     0.4987722535
x(7) =     0.0005485652
x(8) =     0.3731651180
x(9) =     0.9969714186
x(10) =     0.1380447467
x(11) =     0.0191179210
x(12) =     0.7125767599
obj =    -0.3525103464
infeas =         0.00
nonopt =         0.00
