modelstatus = 2
x(1) = 0.518017
x(2) =  0.0511025
x(3) =  0.430881
obj =  7.10763e-07
