modelstatus =         2.00
x(1) =    31.4590258731
x(2) =     0.9019985011
x(3) =     7.9460456258
x(4) =     3.1034846332
x(5) =     0.0000096154
x(6) =     2.0462957514
x(7) =    26.1668702331
x(8) =    15.0141021112
x(9) =    13.3621676557
obj =   -70.7520778334
infeas =         0.00
nonopt =         0.00
