modelstatus =         2.00
x(1) =     0.0000001000
x(2) =     0.5000000000
x(3) =     0.2493013888
x(4) =     0.2506986112
obj =    -0.6953579346
infeas =         0.00
nonopt =         0.00
