modelstatus =         2.00
x(1) =     0.0013699565
x(2) =     0.1986300435
x(3) =     0.3957151952
x(4) =     0.0042848048
x(5) =     0.0007751026
x(6) =     0.3992248974
obj =    -3.0519761258
infeas =         0.00
nonopt =         0.00
