modelstatus =         2.00
x(1) =     0.0005815404
x(2) =     0.4994184596
x(3) =     0.3821484063
x(4) =     0.1178515937
obj =     0.2891947485
infeas =         0.00
nonopt =         0.00
