modelstatus = 2
x(1) = 0.459354
x(2) =  1.19755
x(3) =  2.09528
x(4) =  12.0953
x(5) =  7.90472
x(6) =  0.35794
x(7) =  0.45475
x(8) =  10.4547
x(9) =  1.64053
x(10) =  0.1
obj =  1.14362
