modelstatus =         1.00
x(1) =     0.5652954363
x(2) =     0.6164017066
x(3) =     5.6370006246
x(4) =     8.1256977401
obj =    -5.7398536246
infeas =         0.00
nonopt =         0.00
