modelstatus = 2
x(1) = 0.771516
x(2) =  0.516992
x(3) =  0.204192
x(4) =  0.388811
x(5) =  3.03557
x(6) =  5.09726
obj =  -0.388811
