modelstatus = 2
x(1) = 1.12753
x(2) =  1.28203
x(3) =  1.01797
x(4) =  1.08986
obj =  1.08986
