modelstatus =         1.00
x(1) =     0.0004735936
x(2) =     0.3805445584
x(3) =     0.2015944575
x(4) =     0.0002017599
x(5) =     0.0042631956
x(6) =     0.0003683271
x(7) =     0.0000173078
x(8) =     0.0000004772
x(9) =     0.0000000000
x(10) =     0.0000000000
x(11) =     1.2036303893
x(12) =     0.0000017653
x(13) =     0.0001744456
obj =     1.2036303893
infeas =         0.00
nonopt =         0.00
