modelstatus =         2.00
x(1) =    10.0000000000
x(2) =     0.9374894253
x(3) =     2.4152889505
x(4) =     0.1035020796
x(5) =     0.1299525902
x(6) =     0.2661992964
x(7) =     0.1748906268
x(8) =     0.8819946448
x(9) =     6.6579467151
x(10) =     0.4952604827
x(11) =     0.7116368157
obj =     0.1000000000
infeas =         0.00
nonopt =         0.00
