modelstatus =         2.00
x(1) =     1.0439893091
x(2) =     0.4200858488
x(3) =     0.6708688231
x(4) =     0.5347456640
x(5) =     5.9527935663
x(6) =     5.3163987189
x(7) =     6.3457841286
x(8) =     2.3410096769
obj =     3.9180102285
infeas =         0.00
nonopt =         0.00
