modelstatus =         1.00
x(1) =  1698.6599163900
x(2) =  3031.6884560600
x(3) =    94.9997956526
x(4) =    10.5293696866
x(5) =    53.4556335551
x(6) =    90.0815976863
x(7) =   153.5350242870
obj =  1227.1895723600
infeas =         0.00
nonopt =         0.00
