modelstatus =         1.00
x(1) =  1073.3916425000
x(2) =     3.3165208937
x(3) =     4.9747813406
x(4) =     0.3417395531
obj =     0.3417395531
infeas =         0.00
nonopt =         0.00
