modelstatus =         1.00
x(1) =    88.3907259202
x(2) =     7.6243842738
x(3) =     1.3141946662
obj =   -83.2499353262
infeas =         0.00
nonopt =         0.00
