modelstatus =         1.00
x(1) =     2.4543817622
x(2) =     1.9087635245
x(3) =     1.3509826522
x(4) =     2.7262905734
x(5) =     0.8175270489
obj =     0.8175270489
infeas =         0.00
nonopt =         0.00
