modelstatus =         1.00
x(1) =     1.0433516197
x(2) =     0.4201471191
x(3) =     0.6691640932
x(4) =     5.9523594088
x(5) =     0.5350109907
x(6) =     5.3163963142
x(7) =     6.3482827323
x(8) =     2.3383208730
obj =    -6.0819938152
infeas =         0.00
nonopt =         0.00
