modelstatus =         1.00
x(1) =    16.2746343364
x(2) =     1.6274634336
x(3) =     1.6274634336
x(4) =     0.1372536566
x(5) =     0.0186268283
x(6) =   653.1105826540
x(7) =   731.9685147740
x(8) =   519.1306581820
x(9) =     0.9863353804
x(10) =   144.0514329100
x(11) =   712.1010466970
x(12) =     6.2746343364
obj =     6.2746343364
infeas =         0.00
nonopt =         0.00
