modelstatus =         5.00
x(1) =     3.4329000000
x(2) =     0.1627000000
x(3) =     0.1139000000
x(4) =     0.2539000000
x(5) =     0.0208000000
x(6) =     2.0247000000
x(7) =     1.0000000000
x(8) =     0.0696676785
x(9) =     0.0027654537
x(10) =     0.0294961650
x(11) =     0.1802489128
x(12) =     0.6779808785
x(13) =     1.3363681600
x(14) =     1.0000000000
x(15) =     0.0000000000
x(16) =     0.0000019205
x(17) =     0.0001273029
obj =     0.0000000000
infeas =         1.00
nonopt =         0.00
