modelstatus =         2.00
x(1) =   579.6153595426
x(2) =  1359.7832494553
x(3) =  5109.8194634378
x(4) =   182.0435962515
x(5) =   295.6072214625
x(6) =   217.9564037485
x(7) =   286.4363747890
x(8) =   395.6072214625
obj =  7049.2180724356
infeas =         0.00
nonopt =         0.00
