modelstatus =         1.00
x(1) =    78.0000000000
x(2) =    29.9957113217
x(3) =    36.7753077757
x(4) =    33.0000000000
x(5) =    45.0000000000
obj = 10122.4827530000
infeas =         0.00
nonopt =         0.00
