modelstatus =         1.00
x(1) =     0.5357878212
x(2) =     0.4642121788
x(3) =     0.1530466575
x(4) =     0.6225217639
x(5) =     0.0888256924
obj =    -0.0107958522
infeas =         0.00
nonopt =         0.00
