modelstatus = 2
x(1) = 3.99739e-07
x(2) =  -2.01912e-07
obj =  1.67783e-12
