modelstatus =         2.00
x(1) =     0.0758631318
x(2) =     0.9241368682
x(3) =     0.1646972017
x(4) =     0.4115297867
x(5) =     0.0766218923
obj =    -0.0041562072
infeas =         0.00
nonopt =         0.00
