modelstatus =         2.00
x(1) = 52160.4254215880
x(2) =   257.6386618011
x(3) = 48540.7394427579
x(4) =   237.8788241798
x(5) =    10.7673526333
x(6) =   223.1765194704
x(7) = 33224.2859899032
x(8) = 4.01757822088E+5
x(9) = 33258.1915758380
x(10) =   182.4882386464
x(11) =  2839.8502456126
x(12) = 4.01748073451E+5
x(13) = 4.82422492216E+6
x(14) = 4.01729930873E+5
x(15) =  2836.5322066800
x(16) =   210.8233834051
x(17) = 33203.2503945237
x(18) = 4.01681780555E+5
x(19) = 33258.9929602649
x(20) =   258.1426505403
x(21) =    20.5189997158
x(22) =   245.5350651493
x(23) =  2778.9214417514
x(24) =   326.5661993647
x(25) =     9.5956831252
x(26) =   -19.5719873674
x(27) =   292.9845711515
x(28) = 1.27252506626E+5
x(29) =   306.3299937353
x(30) =   -19.5396766948
x(31) =   264.0436242901
x(32) = 42258.5853536539
x(33) = 5.11287001071E+5
x(34) = 42295.2671589522
x(35) =   290.2796026794
x(36) =  3609.9214982400
x(37) = 5.11279723029E+5
x(38) = 6.12661564698E+6
x(39) = 5.11293418111E+5
x(40) =  3610.4040670031
x(41) =   289.0505959281
x(42) = 42223.8514471691
x(43) = 5.11317130708E+5
x(44) = 42306.7123383232
x(45) =   308.8657377068
x(46) =     4.6354088505
x(47) =   281.8570252689
x(48) =  3611.8468327485
x(49) =   344.6388750765
x(50) =     3.0516220585
x(51) =    16.6052135317
x(52) =    16.6728423294
x(53) =    18.0591366905
x(54) =    18.4646017986
x(55) =    17.9915078928
obj = -5.8307398392E+7
infeas =         0.00
nonopt =         0.00
