modelstatus =         2.00
x(1) =     0.8305036643
x(2) =     0.0836768636
x(3) =     0.0858194720
x(4) =     0.5599845592
x(5) =     0.4512580311
x(6) =     0.1499800000
obj =    -0.0000290321
infeas =         0.00
nonopt =         0.00
