modelstatus =         2.00
x(1) =   100.0000000000
x(2) =   193.1704094350
x(3) =   100.0000000000
x(4) =   100.0000000000
x(5) =   105.8586462310
x(6) =     0.0961489212
x(7) =     0.4009486119
x(8) =     0.0707013357
x(9) =     0.0061005656
x(10) =     0.4715940736
x(11) =     0.0986590765
x(12) =     0.0060279296
x(13) =     0.0018594601
x(14) =     0.2270356694
x(15) =     0.3126469507
x(16) =     0.0297608154
x(17) =     0.0052782822
x(18) =     0.1472933848
x(19) =     0.3714157518
x(20) =     0.0495767975
x(21) =     0.0058570329
x(22) =     0.3481463377
x(23) =     0.2105325679
x(24) =     0.0134531345
x(25) =     0.0039339800
x(26) =   100.0000000000
x(27) =   193.1704094350
x(28) =   100.0000000000
x(29) =   100.0000000000
x(30) =   105.8586462310
x(31) =     0.0629291793
x(32) =     0.4123301925
x(33) =     0.0923317552
x(34) =     0.0062044365
x(35) =     0.3552418287
x(36) =     0.2045500150
x(37) =     0.0124977126
x(38) =     0.0038552219
x(39) =     0.1472933848
x(40) =     0.3714157518
x(41) =     0.0495767975
x(42) =     0.0058570329
x(43) =     0.0961489212
x(44) =     0.4009486119
x(45) =     0.0707013357
x(46) =     0.0061005656
x(47) =     0.2270356694
x(48) =     0.3126469507
x(49) =     0.0297608154
x(50) =     0.0052782822
x(51) =     0.0000000000
x(52) =     0.0000000000
x(53) =     0.0000000000
x(54) =     0.0000000000
x(55) =     0.0000000000
x(56) =     0.0000000000
x(57) =    93.1704094345
x(58) =     0.0000000000
x(59) =     0.0000000000
x(60) =   100.0000000000
x(61) =     0.0000000000
x(62) =     0.0000000000
x(63) =     0.0000000000
x(64) =   100.0000000000
x(65) =     0.0000000000
x(66) =   100.0000000000
x(67) =     0.0000000000
x(68) =     0.0000000000
x(69) =     0.0000000000
x(70) =     0.0000000000
x(71) =     0.0000000000
x(72) =     0.0000000000
x(73) =   100.0000000000
x(74) =     0.0000000000
x(75) =     5.8586462310
x(76) =   100.0000000000
x(77) =     0.0000000000
x(78) =     0.0000000000
x(79) =     0.0000000000
x(80) =     0.0000000000
x(81) =   100.0000000000
x(82) =     0.0629291793
x(83) =     0.4123301925
x(84) =     0.0923317552
x(85) =     0.0062044365
x(86) =     5.2458975744
x(87) =     6.1098576871
x(88) =     5.3352560896
x(89) =     5.2686397656
x(90) =     5.5215980123
x(91) =     0.6292917932
x(92) =     0.4123301925
x(93) =     0.0019800407
x(94) =     3.5524182867
x(95) =     0.2045500150
x(96) =     0.0630983756
x(97) =     1.4729338483
x(98) =     0.3714157518
x(99) =     0.0108476683
x(100) =     0.9614892121
x(101) =     0.4009486119
x(102) =     0.0046223069
x(103) =     2.2703566943
x(104) =     0.3126469507
x(105) =     0.0257725895
x(106) =     0.0000000000
x(107) =   100.0000000000
x(108) =     0.0000000000
x(109) =     0.0000000000
x(110) =     0.0000000000
obj =    -0.4123301925
infeas =         0.00
nonopt =         0.00
