modelstatus =         1.00
x(1) =     3.9999480039
x(2) =     3.9999480039
obj =   -10.0860014962
infeas =         0.00
nonopt =         0.00
