modelstatus =         2.00
x(1) =    -0.0000000014
x(2) =    -1.0000000006
obj =     3.0000000000
infeas =         0.00
nonopt =         0.00
