modelstatus =         2.00
x(1) =     2.0000000000
x(2) =     0.1057834695
obj =    -2.0218067834
infeas =         0.00
nonopt =         0.00
