modelstatus =         2.00
x(1) =     1.1166347524
x(2) =     1.2204408236
x(3) =     1.5377853886
x(4) =     1.7910959655
x(5) =     1.9727702025
obj =     0.0293108307
infeas =         0.00
nonopt =         0.00
