modelstatus =         2.00
x(1) =   413.4110707070
x(2) =     0.0000000000
x(3) =   100.0000000000
x(4) =     3.4422215520
x(5) =   129.3187974660
x(6) =     0.0000000000
x(7) =     0.0000000000
x(8) =     0.5069552611
x(9) =     0.0008801848
x(10) =     0.9813345164
x(11) =     0.0000000000
x(12) =     0.0000000000
x(13) =     0.0177627451
x(14) =     0.5505568977
x(15) =     0.3781681264
x(16) =     0.0331920665
x(17) =     0.0190414547
x(18) =     0.0456729851
x(19) =     0.1066173469
x(20) =     0.8182941614
x(21) =     0.0084289923
x(22) =     0.8981035120
x(23) =     0.0857372240
x(24) =     0.0075252128
x(25) =     0.0043170256
x(26) =   413.4110707070
x(27) =     0.0000000000
x(28) =   100.0000000000
x(29) =     3.4422215520
x(30) =   129.3187974660
x(31) =     0.0000000000
x(32) =     0.0000000000
x(33) =     0.5069552611
x(34) =     0.0008801848
x(35) =     0.7152154406
x(36) =     0.1351959826
x(37) =     0.0003350639
x(38) =     0.0731041498
x(39) =     0.0167050223
x(40) =     0.7937024040
x(41) =     0.0896244410
x(42) =     0.0499840663
x(43) =     0.0456729851
x(44) =     0.1066173469
x(45) =     0.8182941615
x(46) =     0.0084289923
x(47) =     0.5505568977
x(48) =     0.3781681264
x(49) =     0.0331920665
x(50) =     0.0190414547
x(51) =   413.4110707070
x(52) =     0.0000000000
x(53) =     0.0000000000
x(54) =     0.0000000000
x(55) =     0.0000000000
x(56) =     0.0000000000
x(57) =     0.0000000000
x(58) =     0.0000000000
x(59) =     0.0000000000
x(60) =     0.0000000000
x(61) =     0.0000000000
x(62) =     0.0000000000
x(63) =     0.0000000000
x(64) =     0.0000000000
x(65) =     0.0000000000
x(66) =     0.0000000000
x(67) =     0.0000000000
x(68) =     0.0000000000
x(69) =     3.4422215520
x(70) =     0.0000000000
x(71) =     0.0000000000
x(72) =     0.0000000000
x(73) =   100.0000000000
x(74) =     0.0000000000
x(75) =    29.3187974658
x(76) =     0.0000000000
x(77) =     0.0000000000
x(78) =   100.0000000000
x(79) =     0.0000000000
x(80) =     0.0000000000
x(81) =   100.0000000000
x(82) =     0.0167050223
x(83) =     0.7937024040
x(84) =     0.0896244410
x(85) =     0.0499840663
x(86) =     0.0000000000
x(87) =     0.0000000000
x(88) =  7252.8749228300
x(89) =     0.0000000000
x(90) =     0.0880278531
x(91) =   597.8862606950
x(92) =   397.5287236840
x(93) =   341.3696287100
x(94) =   564.1916259380
x(95) =   508.8657767040
x(96) =     0.0000000000
x(97) =     0.0000000000
x(98) =     0.0000000000
x(99) =     7.5462997801
x(100) =     0.0186826676
x(101) =     8.1400668285
x(102) =     0.0065073044
x(103) =     0.0007780690
x(104) =     0.0008532509
x(105) =   180.1500737440
x(106) =   106.4926868710
x(107) =     0.6418180678
x(108) =   467.3068562960
x(109) =    37.7063228882
x(110) =    43.2623403372
x(111) =     0.0000000000
x(112) =     0.0000000000
x(113) =     0.0000000000
x(114) =     0.0000000000
x(115) =   100.0000000000
obj =    -0.7937024040
infeas =         0.00
nonopt =         0.00
