modelstatus =         2.00
x(1) =     3.2017772643
obj =    -1.0708610193
infeas =         0.00
nonopt =         0.00
