modelstatus =         2.00
x(1) =     0.5567605983
x(2) =     1.1318089905
x(3) =     0.6218987343
x(4) =     5.1301419740
x(5) =    -4.9352700099
x(6) =     2.6707230199
x(7) =    -2.0702706525
x(8) =     1.9109581335
x(9) =    -1.1037761761
x(10) =     1.5483840050
x(11) =    -0.5809417403
x(12) =     1.3381223778
x(13) =    -0.2282395878
x(14) =     1.2016704966
x(15) =     0.0420174568
x(16) =     0.6062975765
x(17) =     0.7501996937
obj =     0.2124598387
infeas =         0.00
nonopt =         0.00
