modelstatus =         1.00
x(1) =     0.6825618452
x(2) =     0.1734618969
x(3) =     0.1439762579
x(4) =     0.3105020288
x(5) =     0.5042569213
x(6) =     0.1499800000
obj =    -0.0001547588
infeas =         0.00
nonopt =         0.00
