modelstatus =         2.00
x(1) =   100.0000000000
x(2) =   110.6883793920
x(3) =   233.2866040190
x(4) =   100.0000000000
x(5) =   100.0000000000
x(6) =     0.3007902814
x(7) =     0.6992097186
x(8) =     0.2638019073
x(9) =     0.7361980927
x(10) =     0.3611519793
x(11) =     0.6388480207
x(12) =     0.3406331560
x(13) =     0.6593668440
x(14) =     0.4500000000
x(15) =     0.5500000000
x(16) =   100.0000000000
x(17) =   110.6883793920
x(18) =   233.2866040190
x(19) =   100.0000000000
x(20) =   100.0000000000
x(21) =     0.2666668036
x(22) =     0.7333331964
x(23) =     0.2369980652
x(24) =     0.7630019348
x(25) =     0.3406331560
x(26) =     0.6593668440
x(27) =     0.3007902814
x(28) =     0.6992097186
x(29) =     0.3885008221
x(30) =     0.6114991779
x(31) =     0.0000000000
x(32) =   100.0000000000
x(33) =     0.0000000000
x(34) =     0.0000000000
x(35) =     0.0000000000
x(36) =     0.0000000000
x(37) =    10.6883793918
x(38) =     0.0000000000
x(39) =     0.0000000000
x(40) =     0.0000000000
x(41) =     0.0000000000
x(42) =     0.0000000000
x(43) =   133.2866040190
x(44) =   100.0000000000
x(45) =     0.0000000000
x(46) =   100.0000000000
x(47) =     0.0000000000
x(48) =     0.0000000000
x(49) =     0.0000000000
x(50) =     0.0000000000
x(51) =     0.0000000000
x(52) =     0.0000000000
x(53) =   100.0000000000
x(54) =     0.0000000000
x(55) =     0.0000000000
x(56) =     0.0000000000
x(57) =   100.0000000000
x(58) =     0.0000000000
x(59) =     0.0000000000
x(60) =     0.0000000000
x(61) =   100.0000000000
x(62) =     0.2369980652
x(63) =     0.7630019348
x(64) =    17.4494999653
x(65) =    16.4069796462
x(66) =    21.3121973866
x(67) =    18.9443368918
x(68) =    25.8869861102
x(69) =     0.1955556195
x(70) =     0.1808299823
x(71) =     0.2246022090
x(72) =     0.2103154880
x(73) =     0.2375679333
x(74) =     0.0000000000
x(75) =     0.0000000000
x(76) =     0.0000000000
x(77) =     0.0000000000
x(78) =   100.0000000000
obj =    -0.7630019348
infeas =         0.00
nonopt =         0.00
