modelstatus =         2.00
x(1) =   100.0000000000
x(2) =   191.9055303160
x(3) =   107.8841794690
x(4) =   108.0696545160
x(5) =   146.5045885700
x(6) =     0.2344239117
x(7) =     0.3115128511
x(8) =     0.0286964960
x(9) =     0.0053667413
x(10) =     0.4770985443
x(11) =     0.0955354411
x(12) =     0.0055210555
x(13) =     0.0018449590
x(14) =     0.3555818564
x(15) =     0.2076720472
x(16) =     0.0127830186
x(17) =     0.0039630779
x(18) =     0.1477421780
x(19) =     0.3757258272
x(20) =     0.0505230960
x(21) =     0.0060088988
x(22) =     0.0875651751
x(23) =     0.4084084107
x(24) =     0.0777412802
x(25) =     0.0062851341
x(26) =   100.0000000000
x(27) =   191.9055303160
x(28) =   107.8841794690
x(29) =   108.0696545160
x(30) =   146.5045885700
x(31) =     0.1517155080
x(32) =     0.3733959824
x(33) =     0.0488990843
x(34) =     0.0059894253
x(35) =     0.3651341662
x(36) =     0.1994850518
x(37) =     0.0115283714
x(38) =     0.0038524105
x(39) =     0.2344239117
x(40) =     0.3115128511
x(41) =     0.0286964960
x(42) =     0.0053667413
x(43) =     0.0985042559
x(44) =     0.4045975080
x(45) =     0.0706480185
x(46) =     0.0062502175
x(47) =     0.0640425912
x(48) =     0.4166030916
x(49) =     0.0929941012
x(50) =     0.0063602160
x(51) =     0.0000000000
x(52) =     0.0000000000
x(53) =     0.0000000000
x(54) =   100.0000000000
x(55) =     0.0000000000
x(56) =     0.0000000000
x(57) =    91.9055303165
x(58) =   100.0000000000
x(59) =     0.0000000000
x(60) =     0.0000000000
x(61) =   100.0000000000
x(62) =     0.0000000000
x(63) =     7.8841794688
x(64) =     0.0000000000
x(65) =     0.0000000000
x(66) =     0.0000000000
x(67) =     0.0000000000
x(68) =     0.0000000000
x(69) =     8.0696545164
x(70) =   100.0000000000
x(71) =     0.0000000000
x(72) =     0.0000000000
x(73) =     0.0000000000
x(74) =     0.0000000000
x(75) =    46.5045885702
x(76) =     0.0000000000
x(77) =     0.0000000000
x(78) =     0.0000000000
x(79) =     0.0000000000
x(80) =   100.0000000000
x(81) =   100.0000000000
x(82) =     0.0640425912
x(83) =     0.4166030916
x(84) =     0.0929941012
x(85) =     0.0063602160
x(86) =     5.4105002673
x(87) =     5.7790653729
x(88) =     5.5112091640
x(89) =     5.3754493366
x(90) =     5.3638782751
x(91) =     1.5171550803
x(92) =     0.3733959824
x(93) =     0.0115087954
x(94) =     3.6513416623
x(95) =     0.1994850518
x(96) =     0.0666614795
x(97) =     2.3442391168
x(98) =     0.3115128511
x(99) =     0.0274772851
x(100) =     0.9850425595
x(101) =     0.4045975080
x(102) =     0.0048515442
x(103) =     0.6404259121
x(104) =     0.4166030916
x(105) =     0.0020507267
x(106) =     0.0000000000
x(107) =   100.0000000000
x(108) =     0.0000000000
x(109) =     0.0000000000
x(110) =     0.0000000000
obj =    -0.4166030916
infeas =         0.00
nonopt =         0.00
