modelstatus =         2.00
x(1) =     0.3569556032
x(2) =     2.0514586965
x(3) =    -4.6028741592
x(4) =     0.0149504094
x(5) =     0.1113342545
x(6) =     0.2822779947
x(7) =     0.1622140318
x(8) =     0.6774266171
x(9) =     0.6820738039
x(10) =     0.3858590995
x(11) =     0.1839558391
x(12) =     0.1223313330
x(13) =     0.0876139822
x(14) =     0.0611621900
obj =     0.0011049790
infeas =         0.00
nonopt =         0.00
