modelstatus =         2.00
x(1) =     0.1177923849
x(2) =     0.1331668402
x(3) =   100.0000000000
x(4) =     0.0000000000
x(5) =     0.0000000000
x(6) =     0.0000000000
x(7) =     0.0000000000
x(8) =     1.0000000000
x(9) =     0.0000000000
x(10) =     0.0000000000
x(11) =     0.0000000000
x(12) =     0.0000000000
x(13) =     0.0000000000
x(14) =     0.0000000000
x(15) =     0.0000000000
x(16) =     0.0000000000
x(17) =     0.0000000000
x(18) =     0.0012622120
x(19) =     0.4743525647
x(20) =     0.0000000000
x(21) =     0.0000000000
x(22) =    10.0000000000
x(23) =    10.0000000000
x(24) =     0.0000000000
x(25) =     0.0000000000
x(26) =     0.0000000000
x(27) =    10.0000000000
x(28) =     0.0000000000
x(29) =     0.0000000000
x(30) =     0.0000000000
x(31) =     0.0000000000
x(32) =    10.0000000000
x(33) =   100.0000000000
x(34) =     0.0000000000
x(35) =     0.0000000000
x(36) =     0.0000000000
x(37) =     0.0000000000
x(38) =     0.0269733233
x(39) =     0.0639886119
x(40) =     0.1177923849
x(41) =     0.1331668402
x(42) =     0.5402864548
x(43) =    10.0000000000
x(44) =    10.0000000000
x(45) =    10.0000000000
x(46) =     2.2162189096
x(47) =    10.0000000000
x(48) =     0.5425633998
x(49) =     1.6785657861
x(50) =     0.0000000000
x(51) =     0.0062014148
x(52) =    10.0000000000
x(53) =    10.0000000000
x(54) =     0.0000000000
x(55) =     0.0000000000
x(56) =    10.0000000000
x(57) =     0.0000000000
x(58) =     0.0127431623
x(59) =     4.6242089656
x(60) =     0.0000000000
x(61) =     2.5307188107
x(62) =    10.0000000000
x(63) =     0.0000000000
x(64) =     0.0000000000
x(65) =     0.0000000000
x(66) =     0.0000000000
x(67) =     0.0000000000
x(68) =     0.0000000000
x(69) =     0.0000000000
x(70) =     0.0000000000
x(71) =     0.0000000000
x(72) =     0.0000000000
x(73) =     0.0000000000
x(74) =     0.0000000000
x(75) =     0.0000000000
x(76) =     0.0000000000
x(77) =     0.0000000000
x(78) =     0.0000000000
x(79) =     0.0000000000
x(80) =     0.0000000000
x(81) =     0.0000000000
x(82) =     0.0000000000
x(83) =     0.0000000000
x(84) =     0.0000000000
x(85) =     0.0000000000
x(86) =     0.0000000000
x(87) =     0.0000000000
x(88) =   100.0000000000
x(89) =     0.0000000000
x(90) =     0.0000000000
x(91) =     0.0000000000
x(92) =     0.0000000000
x(93) =   100.0000000000
x(94) =     0.0269733233
x(95) =     0.0639886119
x(96) =     0.5402864548
x(97) =  6000.0000000000
x(98) =     0.0000000000
x(99) =     0.0000000000
x(100) =     0.0000000000
x(101) =     0.0000000000
x(102) =     0.0090047742
x(103) =     0.0071983708
x(104) =     0.0198951259
x(105) =     0.0033617220
x(106) =     0.0000069831
x(107) =     0.0188286491
x(108) =     0.0014054987
x(109) =     3.3384000000
x(110) =     2.6687000000
x(111) =     0.3311031051
x(112) =     0.9310969892
x(113) =     0.9598000000
x(114) =     2.9425000000
x(115) =     0.1193200000
x(116) =     0.1811293654
x(117) =     0.1447938945
x(118) =     0.0009264914
x(119) =     0.0000072904
x(120) =     0.0028254117
x(121) =     0.4939179826
x(122) =     0.0000000000
x(123) =     3.3384000000
x(124) =     2.6687000000
x(125) =     1.4940000000
x(126) =    18.9570000000
x(127) =     0.9598000000
x(128) =     0.0000000000
x(129) =     0.0000000000
x(130) =     0.0042541773
x(131) =     0.0034007677
x(132) =     0.3780893903
x(133) =     1.2141082115
x(134) =     0.0000000000
x(135) =     1.3606734881
x(136) =     0.0000000000
x(137) =   100.0000000000
x(138) =     0.0000000000
x(139) =     0.0000000000
x(140) =     0.0000000000
x(141) =     0.0000000000
obj =    -0.8845474194
infeas =         0.00
nonopt =         0.00
