modelstatus =         2.00
x(1) =   358.0666496790
x(2) =   100.0000000000
x(3) =     0.0000000000
x(4) =   100.0000000000
x(5) =   100.0000000000
x(6) =     0.2517576947
x(7) =     0.0637401398
x(8) =     0.0438251113
x(9) =     0.3203385271
x(10) =     0.2314823402
x(11) =     0.0653094304
x(12) =     0.0458573529
x(13) =     0.3286754382
x(14) =     0.2817798900
x(15) =     0.0613362994
x(16) =     0.0450274257
x(17) =     0.3059281924
x(18) =     0.1892606026
x(19) =     0.0678101549
x(20) =     0.0521800071
x(21) =     0.3453746177
x(22) =     1.0000000000
x(23) =     0.0000000000
x(24) =     0.0000000000
x(25) =     0.0000000000
x(26) =   358.0666496790
x(27) =   100.0000000000
x(28) =     0.0000000000
x(29) =   100.0000000000
x(30) =   100.0000000000
x(31) =     0.2314823402
x(32) =     0.0653094304
x(33) =     0.0458573529
x(34) =     0.3286754382
x(35) =     0.1892606026
x(36) =     0.0678101549
x(37) =     0.0521800071
x(38) =     0.3453746177
x(39) =     0.1827761588
x(40) =     0.0670108391
x(41) =     0.0606146866
x(42) =     0.3447984352
x(43) =     0.1598369602
x(44) =     0.0687867197
x(45) =     0.0582145146
x(46) =     0.3565809027
x(47) =     0.3040816229
x(48) =     0.0596903239
x(49) =     0.0385805735
x(50) =     0.2988237398
x(51) =   258.0666496790
x(52) =   100.0000000000
x(53) =     0.0000000000
x(54) =     0.0000000000
x(55) =     0.0000000000
x(56) =     0.0000000000
x(57) =     0.0000000000
x(58) =     0.0000000000
x(59) =   100.0000000000
x(60) =     0.0000000000
x(61) =     0.0000000000
x(62) =     0.0000000000
x(63) =     0.0000000000
x(64) =     0.0000000000
x(65) =     0.0000000000
x(66) =     0.0000000000
x(67) =     0.0000000000
x(68) =     0.0000000000
x(69) =     0.0000000000
x(70) =     0.0000000000
x(71) =   100.0000000000
x(72) =     0.0000000000
x(73) =     0.0000000000
x(74) =     0.0000000000
x(75) =     0.0000000000
x(76) =     0.0000000000
x(77) =     0.0000000000
x(78) =     0.0000000000
x(79) =   100.0000000000
x(80) =     0.0000000000
x(81) =   100.0000000000
x(82) =     0.1598369602
x(83) =     0.0687867197
x(84) =     0.0582145146
x(85) =     0.3565809027
x(86) =     5.5710020254
x(87) =     4.6620260491
x(88) =     0.0000000000
x(89) =     4.3863899848
x(90) =    32.3172760488
x(91) =     0.2314823402
x(92) =     0.1306188608
x(93) =     0.5358407384
x(94) =     0.1892606026
x(95) =     0.1356203097
x(96) =     0.3581957571
x(97) =     0.1827761588
x(98) =     0.1340216782
x(99) =     0.3340712423
x(100) =     0.1598369602
x(101) =     0.1375734394
x(102) =     0.2554785384
x(103) =     0.3040816229
x(104) =     0.1193806479
x(105) =     0.9246563336
x(106) =     0.0000000000
x(107) =     0.0000000000
x(108) =     0.0000000000
x(109) =     0.0000000000
x(110) =   100.0000000000
obj =    -0.0687867197
infeas =         0.00
nonopt =         0.00
