modelstatus =         2.00
x(1) =     0.0573744396
x(2) =     0.8168734413
x(3) =     1.8990888226
x(4) =     2.4465670609
x(5) =     3.4430088636
x(6) =     4.3067155932
x(7) =     5.3112707410
x(8) =     6.0051466355
x(9) =     6.4636722721
x(10) =     7.4502821268
x(11) =    -0.9998353484
x(12) =     0.1524716020
x(13) =    -0.0132405286
x(14) =     5.9583981501
x(15) =     5.2930491656
x(16) =     4.5756960897
x(17) =     4.2878478022
x(18) =     3.8398619259
x(19) =     3.4796152083
x(20) =     3.0222173299
x(21) =     2.6421840882
x(22) =     2.3472220738
x(23) =     1.5539081645
x(24) =     6.0152637336
obj =     0.4851524869
infeas =         0.00
nonopt =         0.00
