modelstatus =         2.00
x(1) =     0.2987925045
x(2) =     0.5959726462
x(3) =     0.9998023285
x(4) =   483.9851950630
x(5) =     0.3996805580
x(6) =     0.6121443932
x(7) =     0.9999155363
x(8) =   493.2761415100
x(9) =     0.5001784073
x(10) =     0.6240003114
x(11) =     1.0002606849
x(12) =   499.6645990760
x(13) =     0.6994767326
x(14) =     0.6667523992
x(15) =     1.0001239620
x(16) =   501.2883704720
x(17) =     0.9005872765
x(18) =     0.8103689377
x(19) =     0.9999957605
x(20) =   469.7045089120
x(21) =     1.9116589319
x(22) =     1.6082450234
x(23) =     2.3221057299
x(24) =     1.1994081047
x(25) =     1.8144019253
x(26) =     1.3687493484
x(27) =     1.4898278922
x(28) =     1.6072896789
x(29) =     1.1442217639
x(30) =     2.3810763735
x(31) =     1.0138993672
x(32) =     3.8441109522
x(33) =   415.7255487710
x(34) =   232.5034047700
x(35) =   416.3872907650
x(36) =   232.8379945900
x(37) =   418.4102810900
x(38) =   233.8605120660
x(39) =   417.6079326990
x(40) =   233.4550286190
x(41) =   416.8567670000
x(42) =   233.0753371310
obj =     3.3218473141
infeas =         0.00
nonopt =         0.00
