modelstatus =         2.00
x(1) =     0.0974775912
x(2) =     0.2461259009
x(3) =     0.6563965079
x(4) =     0.3067909475
x(5) =     0.6690733802
x(6) =     0.1202392155
obj =    -0.0011893616
infeas =         0.00
nonopt =         0.00
