modelstatus =         1.00
x(1) =   147.6524429710
x(2) =  1000.0000000000
x(3) =  1000.0000000000
x(4) =  1000.0000000000
x(5) =   147.6524429710
x(6) =     0.5326160650
x(7) =     0.3807939829
x(8) =     0.2341779700
x(9) =     0.0210224859
x(10) =     0.0000000000
x(11) =     0.0000000000
x(12) =     0.4500160796
x(13) =     0.0000000000
x(14) =     0.0000000000
x(15) =     0.0000000000
x(16) =     0.4500160796
x(17) =     0.0000000000
x(18) =     0.1721821393
x(19) =     0.0593559495
x(20) =     0.5242444032
x(21) =     0.2442175080
x(22) =     0.5326160650
x(23) =     0.3807939829
x(24) =     0.2341779700
x(25) =     0.0210224859
x(26) =   147.6524429710
x(27) =  1000.0000000000
x(28) =  1000.0000000000
x(29) =  1000.0000000000
x(30) =   147.6524429710
x(31) =     0.5326160650
x(32) =     0.3807939829
x(33) =     0.2341779700
x(34) =     0.0210224859
x(35) =     0.0000000000
x(36) =     0.0000000000
x(37) =     0.4500160796
x(38) =     0.0000000000
x(39) =     0.0000000000
x(40) =     0.0000000000
x(41) =     0.4500160796
x(42) =     0.0000000000
x(43) =     0.0802023770
x(44) =     0.0659510549
x(45) =     0.5824937814
x(46) =     0.2713527867
x(47) =     0.5326160650
x(48) =     0.3807939829
x(49) =     0.2341779700
x(50) =     0.0210224859
x(51) =     0.0000000000
x(52) =     0.0000000000
x(53) =     0.0000000000
x(54) =     0.0000000000
x(55) =   147.6524429710
x(56) =     0.0000000000
x(57) =     0.0000000000
x(58) =  1000.0000000000
x(59) =     0.0000000000
x(60) =     0.0000000000
x(61) =     0.0000000000
x(62) =  1000.0000000000
x(63) =     0.0000000000
x(64) =     0.0000000000
x(65) =     0.0000000000
x(66) =     0.0000000000
x(67) =     0.0000000000
x(68) =     0.0000000000
x(69) =   900.0000000000
x(70) =     0.0000000000
x(71) =   147.6524429710
x(72) =     0.0000000000
x(73) =     0.0000000000
x(74) =     0.0000000000
x(75) =     0.0000000000
x(76) =     0.0000000000
x(77) =     0.0000000000
x(78) =     0.0000000000
x(79) =   100.0000000000
x(80) =     0.0000000000
x(81) =   100.0000000000
x(82) =     0.0802023770
x(83) =     0.0659510549
x(84) =     0.5824937814
x(85) =     0.2713527867
x(86) =     0.0000000000
x(87) =     0.0000000000
x(88) =     0.0000000000
x(89) = 10000.0000000000
x(90) =     0.0000000000
x(91) =   300.0000000000
x(92) =   810.0000000000
x(93) =   300.0000000000
x(94) =   571.1225751800
x(95) =   810.0000000000
x(96) =     0.0000000000
x(97) =     0.0000000000
x(98) =     0.0000000000
x(99) =     0.0000000000
x(100) =     0.0000000000
x(101) =     0.0000000000
x(102) =     0.0000000000
x(103) =     0.3790602566
x(104) =     0.0000000000
x(105) =     0.0000000000
x(106) =     0.0000000000
x(107) =     0.0000000000
x(108) =     0.0045989881
x(109) =     0.0045989881
x(110) =     0.0039394776
x(111) =     0.0027135279
x(112) =   593.7997576830
x(113) =   593.7997576830
x(114) = 10000.0000000000
x(115) =     0.1972541992
x(116) =     0.0000000000
x(117) =     0.0000000000
x(118) =     0.0000000000
x(119) =    99.9999999999
x(120) =     0.0000000000
obj =    -0.5824937814
infeas =         0.00
nonopt =         0.00
