modelstatus =         2.00
x(1) =     0.8822700118
x(2) =   663.3878430540
x(3) =     0.8438744533
x(4) =   675.6456208460
x(5) =     0.8282786565
x(6) =   684.9578302470
x(7) =     0.7869024650
x(8) =   695.3632991740
x(9) =     0.7658392982
x(10) =   704.4975303230
x(11) =     0.7259060308
x(12) =   714.4452906250
x(13) =     0.6821527924
x(14) =   724.8737751460
x(15) =     0.6374886216
x(16) =   735.2838788910
x(17) =     0.5962880239
x(18) =   745.5391054070
x(19) =     0.5582302201
x(20) =   755.0285553590
x(21) =     0.0168214959
x(22) =    12.4035072779
x(23) =     0.0013113023
x(24) =     0.0017057997
x(25) =     0.0020874210
x(26) =     0.0026009456
x(27) =     0.0031302148
x(28) =     0.0038047959
x(29) =     0.0046513211
x(30) =     0.0056464384
x(31) =     0.0067945001
x(32) =     0.0080357158
x(33) =     0.9979629027
x(34) =     0.1156928909
x(35) =   547.6949521540
x(36) =     0.9878226384
x(37) =     0.1439481851
x(38) =   531.6974357380
x(39) =     1.0011752853
x(40) =     0.1728966288
x(41) =   512.0612014260
x(42) =     0.9915715174
x(43) =     0.2046690525
x(44) =   490.6942466950
x(45) =     1.0055640435
x(46) =     0.2397247454
x(47) =   464.7727849540
x(48) =     1.0020984599
x(49) =     0.2761924291
x(50) =   438.2528615560
x(51) =     0.9994439577
x(52) =     0.3172911654
x(53) =   407.5826097720
x(54) =     0.9974425578
x(55) =     0.3599539362
x(56) =   375.3299426420
x(57) =     1.0014359214
x(58) =     0.4051478974
x(59) =   340.3912079890
x(60) =     1.0068090938
x(61) =     0.4485788737
x(62) =   306.4496816250
obj =    28.8980485512
infeas =         0.00
nonopt =         0.00
