modelstatus =         1.00
x(1) =   163.7528061640
x(2) =   163.7528061640
x(3) =   163.7528061640
x(4) =   163.7528061640
x(5) =   163.7528061640
x(6) =   178.4612275960
x(7) =   178.4612275960
x(8) =   178.4612275960
x(9) =   178.4612275960
x(10) =   178.4612275960
x(11) =   200.0000000000
x(12) =   200.0000000000
x(13) =   200.0000000000
x(14) =   200.0000000000
x(15) =   200.0000000000
x(16) =   221.5387724040
x(17) =   221.5387724040
x(18) =   221.5387724040
x(19) =   221.5387724040
x(20) =   221.5387724040
x(21) =   236.2471938360
x(22) =   236.2471938360
x(23) =   236.2471938360
x(24) =   236.2471938360
x(25) =   236.2471938360
x(26) =    63.7528061640
x(27) =    78.4612275960
x(28) =   100.0000000000
x(29) =   121.5387724040
x(30) =   122.6545295120
x(31) =    63.7528061640
x(32) =    78.4612275960
x(33) =   100.0000000000
x(34) =   113.4617331710
x(35) =   113.4618966620
x(36) =    63.7528061640
x(37) =    78.4612275960
x(38) =   100.0000000000
x(39) =   100.0000021750
x(40) =   100.0000043630
x(41) =    63.7528061640
x(42) =    78.4612275960
x(43) =    86.5382683028
x(44) =    86.5382929070
x(45) =    86.5388135233
x(46) =    63.7528061640
x(47) =    77.3455196976
x(48) =    77.3455082053
x(49) =    77.3460345151
x(50) =    77.3460345151
x(51) =     6.8023947633
x(52) =     6.1092475828
x(53) =     7.4955419439
x(54) =     7.9010070520
x(55) =     8.1886891244
obj =  -979.1782766610
infeas =         0.00
nonopt =         0.00
