modelstatus =         2.00
x(1) =     1.2851695506
x(2) =     1.0426330856
x(3) =   275.5016413950
x(4) =   100.0000000000
x(5) =   559.2059599040
x(6) =   805.7364125730
x(7) =   203.9996889360
x(8) =     3.9115323201
x(9) =     0.8777506877
x(10) =     0.0381520706
x(11) =     0.8471015950
x(12) =     0.0047802842
x(13) =     3.1575710434
x(14) =     1.1505938284
x(15) =     0.0771197916
x(16) =     0.9630123587
x(17) =     0.0119946790
x(18) =     5.2399915719
x(19) =     0.3329687399
x(20) =     0.0064212370
x(21) =     0.6803605831
x(22) =     0.0004339455
x(23) =     4.4075836412
x(24) =     0.6829281097
x(25) =     0.0214576735
x(26) =     0.7793045684
x(27) =     0.0021701120
x(28) =     3.4150017302
x(29) =     1.0602825097
x(30) =     0.0621411208
x(31) =     0.9219064393
x(32) =     0.0091222847
x(33) =   275.5016413950
x(34) =   100.0000000000
x(35) =   559.2059599040
x(36) =   805.7364125730
x(37) =   203.9996889360
x(38) =     3.6827288438
x(39) =     0.9663590193
x(40) =     0.0465633498
x(41) =     0.8791564111
x(42) =     0.0061350035
x(43) =     2.7173541307
x(44) =     1.2851695506
x(45) =     0.1147763240
x(46) =     1.0426330856
x(47) =     0.0200605172
x(48) =     5.0744866581
x(49) =     0.4054784129
x(50) =     0.0078195719
x(51) =     0.6978604830
x(52) =     0.0005284446
x(53) =     4.3130861765
x(54) =     0.7222416114
x(55) =     0.0233901374
x(56) =     0.7908448664
x(57) =     0.0024027297
x(58) =     3.1575710434
x(59) =     1.1505938284
x(60) =     0.0771197916
x(61) =     0.9630123587
x(62) =     0.0119946790
x(63) =   175.5016413950
x(64) =     0.0000000000
x(65) =     0.0000000000
x(66) =     0.0000000000
x(67) =   100.0000000000
x(68) =     0.0000000000
x(69) =     0.0000000000
x(70) =     0.0000000000
x(71) =     0.0000000000
x(72) =     0.0000000000
x(73) =     0.0000000000
x(74) =     0.0000000000
x(75) =   459.2059599040
x(76) =   100.0000000000
x(77) =     0.0000000000
x(78) =   100.0000000000
x(79) =     0.0000000000
x(80) =     0.0000000000
x(81) =   705.7364125730
x(82) =     0.0000000000
x(83) =     0.0000000000
x(84) =   100.0000000000
x(85) =     0.0000000000
x(86) =     0.0000000000
x(87) =   103.9996889360
x(88) =     0.0000000000
x(89) =   100.0000000000
x(90) =     0.0000000000
x(91) =     0.0000000000
x(92) =     0.0000000000
x(93) =   100.0000000000
x(94) =     2.7173541307
x(95) =     0.1147763240
x(96) =     0.0200605172
x(97) =     3.9966534070
x(98) =     4.8834713947
x(99) =     3.2141340785
x(100) =     3.5931109670
x(101) =     4.4261842606
x(102) =    13.5624917367
x(103) =     0.5798154116
x(104) =     2.2096373063
x(105) =     0.0933849754
x(106) =     7.3840134717
x(107) =     0.7711017304
x(108) =     1.6304124784
x(109) =     0.1651660774
x(110) =    25.7504148438
x(111) =     0.2432870477
x(112) =     3.0446919949
x(113) =     0.0164412743
x(114) =    18.6027123660
x(115) =     0.4333449669
x(116) =     2.5878517059
x(117) =     0.0521632945
x(118) =     9.9702548940
x(119) =     0.6903562970
x(120) =     1.8945426260
x(121) =     0.1323866158
x(122) =     0.0000000000
x(123) =     0.0000000000
x(124) =   100.0000000000
x(125) =     0.0000000000
x(126) =     0.0000000000
obj =    -1.2326191911
infeas =         0.00
nonopt =         0.00
