modelstatus =         2.00
x(1) =     0.0000000000
x(2) =    -0.9439524108
x(3) =    -0.4719762054
x(4) =    -0.4719762055
x(5) =     0.3134374420
x(6) =     0.3052548967
x(7) =    -0.4719762054
x(8) =    -1.2573898529
x(9) =    -0.4719762054
x(10) =    -1.2492073076
x(11) =     0.0000000000
x(12) =     0.0000000000
x(13) =    -0.9024404932
x(14) =    -1.2149229252
x(15) =    -0.8041517380
x(16) =    -0.7410915759
x(17) =    -0.2468434651
x(18) =    -0.8041517379
x(19) =    -0.3345998580
x(20) =    -0.7410915756
x(21) =     0.0000000000
x(22) =     0.0000000000
x(23) =     0.0000000000
x(24) =     0.8523477009
x(25) =    -0.4445296351
x(26) =     0.5218114177
x(27) =     0.7793285052
x(28) =    -0.4445296351
x(29) =    -0.7615548753
x(30) =     0.5218114178
obj =   -31.8886296349
infeas =         0.00
nonopt =         0.00
