modelstatus =         2.00
x(1) =     0.1928334562
x(2) =     0.1908361555
x(3) =     0.1231172650
x(4) =     0.1357659585
x(5) =     0.1944002882
x(6) =     0.1928190144
x(7) =     0.1824101293
x(8) =     0.1489034207
x(9) =     0.0927851050
x(10) =     0.0624228296
x(11) =     0.0456466245
x(12) =     0.0354780885
x(13) =     0.0288013933
x(14) =     0.0241369521
x(15) =     0.0207185437
obj =     0.0003074860
infeas =         0.00
nonopt =         0.00
