modelstatus =         2.00
x(1) =     0.0000000000
x(2) =     0.9778038140
x(3) =    -0.3840190167
x(4) =     0.4526472965
x(5) =     0.4970924648
x(6) =     0.4526473019
x(7) =     0.4970924703
x(8) =    -0.9608853436
x(9) =    -0.3280836110
x(10) =    -0.3840190238
x(11) =     0.0000000000
x(12) =     0.0000000000
x(13) =     0.8992383962
x(14) =    -0.8515341302
x(15) =    -0.1444649695
x(16) =     0.6854972263
x(17) =     0.7528057929
x(18) =     0.0818492683
x(19) =     0.4004150244
x(20) =    -0.5815653361
x(21) =     0.0000000000
x(22) =     0.0000000000
x(23) =     0.0000000000
x(24) =    -0.1767149613
x(25) =    -0.8645078102
x(26) =     0.5351935126
x(27) =    -0.4489179368
x(28) =    -0.1767149669
x(29) =    -0.8645078086
x(30) =    -0.6858654687
x(31) =     1.0459153724
x(32) =     1.0459153729
x(33) =     1.0403357658
x(34) =     0.9848871044
x(35) =     1.0403357703
x(36) =     0.9848871044
x(37) =     1.0403357675
x(38) =     0.9848871057
x(39) =     1.0459153799
x(40) =     0.3754893872
x(41) =     0.9688721527
x(42) =     1.0006731702
x(43) =     0.9688721666
x(44) =     1.0006731810
x(45) =     0.2634044460
x(46) =     0.3826948585
x(47) =     0.3754893862
x(48) =     0.2634044457
x(49) =     0.3826948581
x(50) =     0.9688721602
x(51) =     1.0006731790
x(52) =     0.9688721483
x(53) =     1.0006731760
x(54) =     0.3754893845
x(55) =     1.0256608299
x(56) =     0.3485196027
x(57) =     0.3773618481
x(58) =     0.3485195994
x(59) =     0.3773618460
x(60) =     0.9688721526
x(61) =     0.3773618495
x(62) =     1.0226938171
x(63) =     0.3773618484
x(64) =     1.0226938172
x(65) =     1.0006731808
x(66) =     1.0256608434
x(67) =     0.3485196009
x(68) =     0.3773618500
x(69) =     0.2634044473
x(70) =     0.3773618483
x(71) =     1.0226938209
x(72) =     0.3826948587
x(73) =     1.0256608374
x(74) =     0.9688721513
x(75) =     1.0006731684
obj =   -28.4225318934
infeas =         0.00
nonopt =         0.00
