modelstatus =         2.00
x(1) =    -0.0487511018
x(2) =     0.8550306210
x(3) =     1.9690256396
x(4) =     2.5014455370
x(5) =     3.5033569492
x(6) =     4.2669663010
x(7) =     5.2618555104
x(8) =     5.9554238826
x(9) =     6.4318471439
x(10) =     7.5037995280
x(11) =    -0.5455611978
x(12) =     5.8106404864
x(13) =     5.3175722471
x(14) =     4.7098197904
x(15) =     4.4193521535
x(16) =     3.8727481634
x(17) =     3.4561525307
x(18) =     2.9133795820
x(19) =     2.5349955901
x(20) =     2.2750775450
x(21) =     1.6902619183
x(22) =     5.7840437769
obj =     0.6185727594
infeas =         0.00
nonopt =         0.00
