modelstatus =  -1.00
X(1) = 	502.0347
X(2) = 	100.0000
X(3) = 	95.65421
X(4) = 	95.19420
X(5) = 	85.50070
X(6) = 	0.4297134
X(7) = 	0.4998738
X(8) = 	0.1128686E-03
X(9) = 	1.000000
X(10) = 	0.6794760E-01
X(11) = 	0.6794760E-01
X(12) = 	0.4254570
X(13) = 	0.6595422E-02
X(14) = 	0.6916709
X(15) = 	0.1711373
X(16) = 	0.6786924E-01
X(17) = 	0.7266692E-03
X(18) = 	0.1660493
X(19) = 	0.1155651
X(20) = 	0.3551118
X(21) = 	0.4080960E-02
X(22) = 	0.4159245
X(23) = 	0.2463434
X(24) = 	0.1670772
X(25) = 	0.1788879E-02
X(26) = 	502.0347
X(27) = 	100.0000
X(28) = 	95.65421
X(29) = 	95.19420
X(30) = 	85.50070
X(31) = 	0.4297134
X(32) = 	0.4998738
X(33) = 	0.1128686E-03
X(34) = 	1.000000
X(35) = 	0.2783484E-01
X(36) = 	0.2783484E-01
X(37) = 	0.4627242
X(38) = 	0.9440995E-02
X(39) = 	0.5407296
X(40) = 	0.2019604E-01
X(41) = 	0.2172115
X(42) = 	0.2325662E-02
X(43) = 	0.7137788E-01
X(44) = 	0.2089372E-01
X(45) = 	0.4469358
X(46) = 	0.6928386E-02
X(47) = 	0.1848749
X(48) = 	0.1529375E-01
X(49) = 	0.3953721
X(50) = 	0.4543632E-02
X(51) = 	502.0347
X(52) = 	0.000000
X(53) = 	0.000000
X(54) = 	0.000000
X(55) = 	0.000000
X(56) = 	0.000000
X(57) = 	0.000000
X(58) = 	0.000000
X(59) = 	0.000000
X(60) = 	0.000000
X(61) = 	0.000000
X(62) = 	0.000000
X(63) = 	29.88782
X(64) = 	0.000000
X(65) = 	65.76639
X(66) = 	0.000000
X(67) = 	95.19420
X(68) = 	0.000000
X(69) = 	0.000000
X(70) = 	0.000000
X(71) = 	0.000000
X(72) = 	0.000000
X(73) = 	0.000000
X(74) = 	85.50070
X(75) = 	0.000000
X(76) = 	0.000000
X(77) = 	100.0000
X(78) = 	0.000000
X(79) = 	0.000000
X(80) = 	0.000000
X(81) = 	100.0000
X(82) = 	0.2783484E-01
X(83) = 	0.2783484E-01
X(84) = 	0.4627242
X(85) = 	0.9440995E-02
X(86) = 	0.000000
X(87) = 	1.229303
X(88) = 	0.2670695
X(89) = 	1.225451
X(90) = 	1.160196
X(91) = 	300.0000
X(92) = 	800.0000
X(93) = 	800.0000
X(94) = 	800.0000
X(95) = 	800.0000
X(96) = 	0.2148096E-06
X(97) = 	0.7231896E-02
X(98) = 	3.031571
X(99) = 	0.2314786
X(100) = 	53.48875
X(101) = 	0.5726987
X(102) = 	7.132976
X(103) = 	0.2211908
X(104) = 	16.82420
X(105) = 	0.2030117
X(106) = 	0.000000
X(107) = 	0.000000
X(108) = 	50.00000
X(109) = 	0.000000
X(110) = 	0.000000
X(111) = 	0.000000
X(112) = 	4.805799
X(113) = 	15.76639
X(114) = 	9.693505
X(115) = 	19.73431
obj = -42.39040
infeas =         0.00
nonopt =         0.00
