modelstatus =         2.00
x(1) =     0.2498839679
x(2) =     0.3750579960
x(3) =     0.0000000000
x(4) =   136.3491843631
x(5) =  1000.0000000000
x(6) =     0.0000000000
x(7) =  1000.0000000000
x(8) =     0.6244078656
x(9) =     0.2103622908
x(10) =     0.0000000000
x(11) =     0.0283857507
x(12) =     0.8000273630
x(13) =     0.0500163706
x(14) =     0.0999863131
x(15) =     0.0499699532
x(16) =     0.9888583044
x(17) =     0.0004370397
x(18) =     0.0035392904
x(19) =     0.0071653636
x(20) =     0.0000000000
x(21) =     0.0000000000
x(22) =     0.0000000000
x(23) =     0.0000000000
x(24) =     0.9888583044
x(25) =     0.0004370397
x(26) =     0.0035392904
x(27) =     0.0071653636
x(28) =     0.0000000000
x(29) =   136.3491843631
x(30) =  1000.0000000000
x(31) =     0.0000000000
x(32) =  1000.0000000000
x(33) =     0.6104016592
x(34) =     0.2120980093
x(35) =     0.5634670301
x(36) =     0.0359556013
x(37) =     0.2498839679
x(38) =     0.1876160760
x(39) =     0.3750579960
x(40) =     0.1874419602
x(41) =     0.9888583044
x(42) =     0.0004370397
x(43) =     0.0035392904
x(44) =     0.0071653636
x(45) =    10.0000000000
x(46) =     0.0000000000
x(47) =     0.0000000000
x(48) =     0.0000000000
x(49) =     0.9888583044
x(50) =     0.0004370397
x(51) =     0.0035392904
x(52) =     0.0071653636
x(53) =     0.0000000000
x(54) =     0.0000000000
x(55) =     0.0000000000
x(56) =     0.0000000000
x(57) =     0.0000000000
x(58) =     0.0000000000
x(59) =    36.3491843631
x(60) =     0.0000000000
x(61) =     0.0000000000
x(62) =     0.0000000000
x(63) =     0.0000000000
x(64) =     0.0000000000
x(65) =     0.0000000000
x(66) =     0.0000000000
x(67) =  1000.0000000000
x(68) =     0.0000000000
x(69) =     0.0000000000
x(70) =     0.0000000000
x(71) =     0.0000000000
x(72) =     0.0000000000
x(73) =     0.0000000000
x(74) =     0.0000000000
x(75) =  1000.0000000000
x(76) =     0.0000000000
x(77) =     0.0000000000
x(78) =     0.0000000000
x(79) =   100.0000000000
x(80) =     0.0000000000
x(81) =     0.0000000000
x(82) =     0.0000000000
x(83) =   100.0000000000
x(84) =     0.1876160760
x(85) =     0.1874419602
x(86) =     0.0000000000
x(87) =   750.4643039445
x(88) =     0.0000000000
x(89) =     0.0000000000
x(90) =     0.0000000000
x(91) =     0.0250000000
x(92) =     0.1220803318
x(93) =     0.1490360742
x(94) =     0.0250000000
x(95) =     0.0499767936
x(96) =     0.0249767989
x(97) =     0.0250000000
x(98) =     0.1977716609
x(99) =     0.3911362984
x(100) =     0.0250000000
x(101) =     2.0000000000
x(102) =    40.0000000000
x(103) =     0.0250000000
x(104) =     0.1977716609
x(105) =     0.3911362984
x(106) =     0.0000000000
x(107) =   100.0000000000
x(108) =     0.0000000000
x(109) =     0.0000000000
x(110) =     0.0000000000
obj =    -0.4999999732
infeas =         0.00
nonopt =         0.00
