modelstatus =         2.00
x(1) =   129.1169266090
x(2) =   100.0000000000
x(3) =   124.9968110260
x(4) =   114.8602914720
x(5) =   100.0000000000
x(6) =     0.6511761601
x(7) =     3.5389503408
x(8) =     0.8061724238
x(9) =     0.4018505377
x(10) =     1.4210927444
x(11) =     3.1334716919
x(12) =     0.5017447221
x(13) =     0.3718454208
x(14) =     5.0775010627
x(15) =     0.5220743112
x(16) =     0.0707630055
x(17) =     0.0648308103
x(18) =     2.0880280970
x(19) =     2.6782806753
x(20) =     0.3729851768
x(21) =     0.3303530255
x(22) =     0.9830345322
x(23) =     3.3945916787
x(24) =     0.6394746258
x(25) =     0.3914495817
x(26) =   129.1169266090
x(27) =   100.0000000000
x(28) =   124.9968110260
x(29) =   114.8602914720
x(30) =   100.0000000000
x(31) =     0.4977908611
x(32) =     3.5799823853
x(33) =     0.9112523574
x(34) =     0.4054871981
x(35) =     0.9830345322
x(36) =     3.3945916787
x(37) =     0.6394746258
x(38) =     0.3914495817
x(39) =     2.1871366344
x(40) =     2.6106379633
x(41) =     0.3538511330
x(42) =     0.3241871346
x(43) =     1.4210927444
x(44) =     3.1334716919
x(45) =     0.5017447221
x(46) =     0.3718454208
x(47) =     0.6958372444
x(48) =     3.5270030700
x(49) =     0.7755763777
x(50) =     0.4007916540
x(51) =    29.1169266094
x(52) =     0.0000000000
x(53) =     0.0000000000
x(54) =     0.0000000000
x(55) =     0.0000000000
x(56) =     0.0000000000
x(57) =     0.0000000000
x(58) =     0.0000000000
x(59) =     0.0000000000
x(60) =   100.0000000000
x(61) =     0.0000000000
x(62) =     0.0000000000
x(63) =    24.9968110261
x(64) =   100.0000000000
x(65) =     0.0000000000
x(66) =     0.0000000000
x(67) =   100.0000000000
x(68) =     0.0000000000
x(69) =    14.8602914725
x(70) =     0.0000000000
x(71) =   100.0000000000
x(72) =     0.0000000000
x(73) =     0.0000000000
x(74) =     0.0000000000
x(75) =     0.0000000000
x(76) =   100.0000000000
x(77) =     0.0000000000
x(78) =     0.0000000000
x(79) =     0.0000000000
x(80) =     0.0000000000
x(81) =   100.0000000000
x(82) =     0.4977908611
x(83) =     3.5799823853
x(84) =     0.9112523574
x(85) =     0.4054871981
x(86) =     3.7898504814
x(87) =     4.0573334547
x(88) =    13.5542016181
x(89) =     4.7197997497
x(90) =     3.8588498271
x(91) =     4.9779086111
x(92) =     3.5799823853
x(93) =     0.1238978704
x(94) =     9.8303453216
x(95) =     3.3945916787
x(96) =     0.4831784455
x(97) =    21.8713663439
x(98) =     2.6106379633
x(99) =     2.3917833280
x(100) =    14.2109274436
x(101) =     3.1334716919
x(102) =     1.0097522938
x(103) =     6.9583724440
x(104) =     3.5270030700
x(105) =     0.2420947353
x(106) =     0.0000000000
x(107) =     0.0000000000
x(108) =   100.0000000000
x(109) =     0.0000000000
x(110) =     0.0000000000
obj =    -3.5799823853
infeas =         0.00
nonopt =         0.00
