modelstatus =         5.00
x(1) =  8519.7454632724
x(2) =  2581.3234459049
x(3) =  2177.4146783891
x(4) = 10000.0000000000
x(5) =  6814.5594612312
x(6) =     2.2766647288
x(7) =     3.3483323644
x(8) =     0.2233352712
x(9) =    26.0500000000
x(10) =     3.5229611269
x(11) =     3.8191427831
x(12) =     0.7877069947
x(13) =    24.3112722911
x(14) =     3.5828660923
x(15) =     3.8490952658
x(16) =     0.7278020293
x(17) =    24.3112722910
x(18) =     3.7581822551
x(19) =     3.9367533472
x(20) =     0.5524858665
x(21) =    24.3112722910
x(22) =     3.9174758884
x(23) =     4.0164001638
x(24) =     0.3931922332
x(25) =    24.3112722910
x(26) =  8519.7454632724
x(27) =  2581.3234459049
x(28) =  2177.4146783891
x(29) = 10000.0000000000
x(30) =  6814.5594612312
x(31) =     0.0876125418
x(32) =     2.2538062709
x(33) =     2.4123874582
x(34) =    26.0500000000
x(35) =     3.8446994885
x(36) =     3.9800119639
x(37) =     0.4659686331
x(38) =    24.3112722911
x(39) =     3.6949553672
x(40) =     3.9051399032
x(41) =     0.6157127544
x(42) =    24.3112722910
x(43) =     3.9195691243
x(44) =     4.0174467818
x(45) =     0.3910989973
x(46) =    24.3112722910
x(47) =     3.5229611269
x(48) =     3.8191427831
x(49) =     0.7877069947
x(50) =    24.3112722910
x(51) =   788.7454632724
x(52) =     0.0000000000
x(53) =     0.0000000000
x(54) =     0.0000000000
x(55) =     0.0000000000
x(56) =     0.0000000000
x(57) =     0.0000000000
x(58) =    59.6100423119
x(59) =  2331.1891641819
x(60) =   190.5242394111
x(61) =     0.0000000000
x(62) =     0.0000000000
x(63) =    63.0367004483
x(64) =  2114.3779778987
x(65) =     0.0000000000
x(66) =     0.0000000000
x(67) =     0.0000000000
x(68) =   253.1899628890
x(69) =  3122.7748152895
x(70) =  6624.0352218201
x(71) =     0.0000000000
x(72) =  2581.3234458629
x(73) =  1801.5779727399
x(74) =  2431.6580426705
x(75) =     0.0000000000
x(76) =  7731.0000000000
x(77) =     0.0000000000
x(78) =     0.0000000000
x(79) =     0.0000000000
x(80) =     0.0000000000
x(81) =  7731.0000000000
x(82) =     0.0876125418
x(83) =     2.2538062709
x(84) =     2.4123874582
x(85) =    26.0500000000
x(86) = 50000.0000000000
x(87) =  8126.1097542995
x(88) = 10943.1337074660
x(89) = 30478.2013127962
x(90) = 20507.2077385207
x(91) =   712.8816798520
x(92) =  1174.4423547695
x(93) =  1135.8680513676
x(94) =  1199.1897565073
x(95) =  1102.2043825114
x(96) =     0.8846630382
x(97) =     0.5116596894
x(98) = 48862.4321594672
x(99) = 48862.5343622187
x(100) = 30126.4835081770
x(101) = 30126.5058102057
x(102) = 65277.7562179714
x(103) = 65277.8091695441
x(104) = 19039.1684495108
x(105) = 19039.0373519799
x(106) =  7731.0000000000
x(107) =     0.0000000000
x(108) =     0.0000000000
x(109) =     0.0000000000
x(110) =     0.0000000000
obj =    -2.4123874582
infeas =         4.00
nonopt =        68.00
