modelstatus =         2.00 (infeasible)
x(1) =   320.5642783750
x(2) =   162.3246911430
x(3) =   456.3275411110
x(4) =     0.0000000000
x(5) =   148.1007589910
x(6) =     0.1994837536
x(7) =     0.6629707413
x(8) =     0.0655891379
x(9) =     0.0359781836
x(10) =     0.9059431710
x(11) =     0.0825693278
x(12) =     0.0053873330
x(13) =     0.0030500841
x(14) =     0.5081712318
x(15) =     0.4184715568
x(16) =     0.0336347378
x(17) =     0.0198612367
x(18) =     4.1221687431
x(19) =     4.0731047445
x(20) =     0.0282983396
x(21) =     0.0176083974
x(22) =     0.0702607456
x(23) =     0.7622827088
x(24) =     0.0827678471
x(25) =     0.0423443492
x(26) =   320.5642783750
x(27) =   162.3246911430
x(28) =   456.3275411110
x(29) =     0.0000000000
x(30) =   148.1007589910
x(31) =     0.0909398101
x(32) =     0.7479397786
x(33) =     0.0775824133
x(34) =     0.0417689990
x(35) =     0.7550289389
x(36) =     0.2150518582
x(37) =     0.0140313116
x(38) =     0.0079439457
x(39) =     0.4388929194
x(40) =     0.4755593974
x(41) =     0.0391362565
x(42) =     0.0232057133
x(43) =     4.1189304769
x(44) =     3.9933112469
x(45) =     0.1268841458
x(46) =     0.0107028347
x(47) =     0.0272696060
x(48) =     0.7921012200
x(49) =     0.0935482047
x(50) =     0.0435404846
x(51) =   220.5642783750
x(52) =     0.0000000000
x(53) =     0.0000000000
x(54) =     0.0000000000
x(55) =   100.0000000000
x(56) =     0.0000000000
x(57) =    62.3246911430
x(58) =   100.0000000000
x(59) =     0.0000000000
x(60) =     0.0000000000
x(61) =   100.0000000000
x(62) =     0.0000000000
x(63) =   356.3275411110
x(64) =     0.0000000000
x(65) =     0.0000000000
x(66) =     0.0000000000
x(67) =     0.0000000000
x(68) =     0.0000000000
x(69) =     0.0000000000
x(70) =     0.0000000000
x(71) =     0.0000000000
x(72) =     0.0000000000
x(73) =     0.0000000000
x(74) =     0.0000000000
x(75) =    48.1007589910
x(76) =     0.0000000000
x(77) =     0.0000000000
x(78) =     0.0000000000
x(79) =     0.0000000000
x(80) =   100.0000000000
x(81) =   100.0000000000
x(82) =     0.0272696060
x(83) =     0.7921012200
x(84) =     0.0935482047
x(85) =     0.0435404846
x(86) =     0.0032210489
x(87) =     0.0584614133
x(88) =     0.0178434635
x(89) =     0.0000000000
x(90) =     0.0007677431
x(91) =   735.5832602730
x(92) =   493.3733584610
x(93) =   561.0796029130
x(94) =   300.0000000000
x(95) =   810.0000000000
x(96) =  9649.8548077300
x(97) =  1193.5912333500
x(98) =  1152.6236671300
x(99) =   391.8536294560
x(100) =    24.0009790772
x(101) =    27.1767145165
x(102) =  1600.6560843000
x(103) =   140.6954706450
x(104) =   171.0628387780
x(105) =     0.0640901643
x(106) =     2.4402945149
x(107) =     0.0001327727
x(108) =  7831.6861544600
x(109) =  2079.5746249300
x(110) =   461.4787282080
x(111) =     0.0000000000
x(112) =   100.0000000000
x(113) =     0.0000000000
x(114) =     0.0000000000
x(115) =     0.0000000000
obj =    -0.7921012200
infeas =         0.00
nonopt =         0.00

