modelstatus =         2.00
x(1) =     0.1124920103
x(2) =     0.1252985360
x(3) =     0.1714203712
x(4) =     0.1562597823
x(5) =     0.2194077309
x(6) =     0.2442940254
x(7) =     0.2755842829
x(8) =     0.2640586934
x(9) =     0.3115686799
x(10) =     0.3247216786
x(11) =     0.3335239534
x(12) =     0.3978413080
x(13) =     0.4167182784
x(14) =     0.4185324266
x(15) =     0.4391767766
x(16) =     0.4750459378
x(17) =     0.5072325345
x(18) =     0.5366643920
x(19) =     0.5368534853
x(20) =     0.5911567312
x(21) =     0.5793053894
x(22) =     0.6250847163
x(23) =     0.6595311595
x(24) =     0.6678858138
x(25) =     0.6873413112
x(26) =     4.5107915660
x(27) =     1.8411729751
x(28) =     1.8405090362
x(29) =     1.8380854339
x(30) =     1.8388877543
x(31) =     1.8355085035
x(32) =     1.8341492784
x(33) =     1.8324176171
x(34) =     1.8330584334
x(35) =     1.8303942689
x(36) =     1.8296460143
x(37) =     1.8291426341
x(38) =     1.8253990946
x(39) =     1.8242780491
x(40) =     1.8241697677
x(41) =     1.8229307674
x(42) =     1.8207478829
x(43) =     1.8187558109
x(44) =     1.8169059900
x(45) =     1.8168940168
x(46) =     1.8134077623
x(47) =     1.8141768310
x(48) =     1.8111801355
x(49) =     1.8088783150
x(50) =     1.8083138125
x(51) =     1.8069896930
x(52) =     2.0685335692
obj =     0.0046497157
infeas =         0.00
nonopt =         0.00
