modelstatus =         2.00
x(1) =  1000.0000000000
x(2) =  1000.0000000000
x(3) =    95.1967928276
x(4) =    94.3428906874
x(5) =    94.3428906874
x(6) =     5.1875043693
x(7) =     0.7118990443
x(8) =     0.0132785506
x(9) =     0.0855674825
x(10) =     0.0017505532
x(11) =     1.8027922386
x(12) =     2.4294273828
x(13) =     0.7265212778
x(14) =     0.7595226903
x(15) =     0.2817364105
x(16) =     0.3478062974
x(17) =     0.7865731102
x(18) =     2.6794373122
x(19) =     1.6342681649
x(20) =     0.5519151154
x(21) =     5.0972270770
x(22) =     0.7909989381
x(23) =     0.0147539451
x(24) =     0.0950749806
x(25) =     0.0019450592
x(26) =     1.6820701120
x(27) =     2.4531915724
x(28) =     0.7728122727
x(29) =     0.7912628526
x(30) =     0.3006631903
x(31) =  1000.0000000000
x(32) =  1000.0000000000
x(33) =    95.1967928276
x(34) =    94.3428906874
x(35) =    94.3428906874
x(36) =     5.0972270770
x(37) =     0.7909989381
x(38) =     0.0147539451
x(39) =     0.0950749806
x(40) =     0.0019450592
x(41) =     1.6820701120
x(42) =     2.4531915724
x(43) =     0.7728122727
x(44) =     0.7912628526
x(45) =     0.3006631903
x(46) =     0.0123425223
x(47) =     0.0285798527
x(48) =     3.4405667631
x(49) =     1.9629702519
x(50) =     0.5555406100
x(51) =     2.9616803258
x(52) =     2.2012998886
x(53) =     0.2821447249
x(54) =     0.4548287860
x(55) =     0.1000462748
x(56) =     0.3508425965
x(57) =     0.7934337445
x(58) =     2.6725482921
x(59) =     1.6312930661
x(60) =     0.5518823008
x(61) =   900.0000000000
x(62) =     0.0000000000
x(63) =     0.0000000000
x(64) =    94.3428906874
x(65) =     0.0000000000
x(66) =     0.0000000000
x(67) =   905.6571093130
x(68) =     0.0000000000
x(69) =     0.0000000000
x(70) =    94.3428906874
x(71) =     0.0000000000
x(72) =     0.0000000000
x(73) =     0.8539021402
x(74) =     0.0000000000
x(75) =     0.0000000000
x(76) =     0.0000000000
x(77) =    94.3428906874
x(78) =     0.0000000000
x(79) =     0.0000000000
x(80) =     0.0000000000
x(81) =     0.0000000000
x(82) =     0.0000000000
x(83) =    94.3428906874
x(84) =     0.0000000000
x(85) =     0.0000000000
x(86) =     5.6571093126
x(87) =     0.0000000000
x(88) =    94.3428906874
x(89) =     0.0000000000
x(90) =     0.0000000000
x(91) =   100.0000000000
x(92) =     0.3000000000
x(93) =     0.0717107338
x(94) =     3.2467647872
x(95) =     1.8573013745
x(96) =     0.5242231045
x(97) =     3.1087157508
x(98) =    31.4495039477
x(99) =  4225.4173088000
x(100) =    19.0996383804
x(101) =   376.4787941640
x(102) =    25.9817238744
x(103) =     0.4745993629
x(104) =     3.0583362462
x(105) =     0.0625679320
x(106) =     2.8293598619
x(107) =     1.4719149434
x(108) =     1.0092420672
x(109) =     0.6018148891
x(110) =     0.0001523379
x(111) =     0.0171479116
x(112) =     0.0074055134
x(113) =     0.0000816808
x(114) =     8.7715503525
x(115) =     1.3207799331
x(116) =     1.7770081955
x(117) =     0.4845721199
x(118) =     0.1230905275
x(119) =     0.4760602467
x(120) =     0.2105055579
x(121) =     0.0629537107
x(122) =   100.0000000000
x(123) =     0.0000000000
x(124) =     0.0000000000
x(125) =     0.0000000000
x(126) =     0.0000000000
obj =    -3.2467647872
infeas =         0.00
nonopt =         0.00
