modelstatus =         1.00
x(1) =     0.7737729510
x(2) =     0.2262270490
x(3) =     0.5493783967
x(4) =     0.6162990186
x(5) =     0.1615001190
obj =    -0.0004327860
infeas =         0.00
nonopt =         0.00
