modelstatus = 2
x(1) = 14
x(2) =  0
x(3) =  0
x(4) =  4
x(5) =  9.68876e-18
x(6) =  0
x(7) =  1.50071e-19
x(8) =  4.56675e-16
x(9) =  1.4604e-16
x(10) =  1
x(11) =  4
x(12) =  2
x(13) =  5
obj =  -13
