modelstatus = 2
x(1) = 2
x(2) =  0
x(3) =  0
x(4) =  2.5
x(5) =  6
x(6) =  0
x(7) =  0
x(8) =  0
x(9) =  0.781172
x(10) =  0.437655
x(11) =  0
x(12) =  0
x(13) =  0.0769231
x(14) =  0.0781172
x(15) =  0.0437655
x(16) =  0.0625
x(17) =  0.0588235
obj =  2
