modelstatus = 2
x(1) = 0
x(2) =  0
x(3) =  1.5
x(4) =  3.68214e-17
x(5) =  0.161733
x(6) =  4
x(7) =  0
x(8) =  0
x(9) =  5
x(10) =  2.35222e-06
x(11) =  2
x(12) =  0
x(13) =  1.5
x(14) =  9.23326e-17
obj =  -3.25
