modelstatus =         2.00
x(1) =    24.0000000000
x(2) =     0.0000000000
x(3) =     0.0000000000
x(4) =    14.0000000000
x(5) =     0.0000000000
x(6) =     0.0000000000
x(7) =     0.3333333333
x(8) =     0.0000000000
x(9) =    19.0000000000
x(10) =    14.0000000000
obj =   -37.0000000000
infeas =         0.00
nonopt =         0.00
