modelstatus = 2
x(1) = 4.96494e-05
x(2) =  9.99998
x(3) =  10
x(4) =  0.202093
x(5) =  0.000148948
x(6) =  0
x(7) =  2.7117e-23
x(8) =  5.11611e-21
x(9) =  9.99998
x(10) =  9.99998
obj =  99.9995
