modelstatus =         2.00
x(1) =    10.0000000000
x(2) =    10.0000000000
x(3) =     0.0000000000
x(4) =    30.0000000000
x(5) =     0.0000000000
x(6) =    30.0000000000
x(7) =     0.0000000000
x(8) =     0.0000000000
x(9) =    20.0000000000
x(10) =     0.0000000000
x(11) =    20.0000000000
x(12) =     0.0000000000
x(13) =   -10.0000000000
x(14) =   -10.0000000000
x(15) =     0.0000000000
x(16) =     0.0000000000
obj =     0.0000000000
infeas =         0.00
nonopt =         0.00
