modelstatus = 2
x(1) = 0
x(2) =  0
x(3) =  1.5
x(4) =  1.5
x(5) =  1
x(6) =  0
x(7) =  0
x(8) =  0
x(9) =  1.5
x(10) =  1.5
x(11) =  1
x(12) =  3.15026e-15
x(13) =  0.0307606
x(14) =  0
x(15) =  0.969239
x(16) =  1.06152
x(17) =  1.98462
x(18) =  0.0555556
x(19) =  0.0526316
x(20) =  0.05
x(21) =  0.0969239
x(22) =  0.106152
x(23) =  0.198462
obj =  -50
