modelstatus = 2
x(1) = 0
x(2) =  3.69984e-18
x(3) =  1
x(4) =  1
x(5) =  0.162391
x(6) =  0.128596
x(7) =  0
x(8) =  1.99273e-41
x(9) =  2.53305e-18
x(10) =  0
x(11) =  0
x(12) =  3.13541e-18
x(13) =  0.5
x(14) =  0.5
x(15) =  0.5
x(16) =  0.5
obj =  -1
