modelstatus =         1.00
x(1) =     2.9999999686
x(2) =     0.0000000000
x(3) =     0.0000000000
x(4) =     4.0000000105
x(5) =     0.0000000000
x(6) =     0.0000000000
x(7) =     1.0000000000
x(8) =     0.0000000000
x(9) =     3.9999999791
x(10) =     4.0000000105
obj =   -16.0000000105
infeas =         0.00
nonopt =         0.00
