modelstatus = 2
x(1) = 0
x(2) =  3
x(3) =  6
x(4) =  2.66454e-15
x(5) =  3.5
x(6) =  4.05304e-16
x(7) =  0
x(8) =  4.838e-17
x(9) =  1
x(10) =  0
obj =  17
