modelstatus =         2.00
x(1) =     0.0000000000
x(2) =     7.0000000000
x(3) =     7.0000000000
x(4) =     4.0000000000
x(5) =     0.0000000000
x(6) =     0.0000000000
x(7) =     3.0000000000
x(8) =     1.0000000000
obj =     5.0000000000
infeas =         0.00
nonopt =         0.00
