modelstatus =         1.00
x(1) =     0.0000000000
x(2) =     3.0000000000
x(3) =     1.0000000000
x(4) =     0.0000000000
x(5) =     0.0000000000
x(6) =     1.5000000000
x(7) =     1.5000000000
x(8) =     1.0000000000
x(9) =     0.0000000000
x(10) =     0.0000000000
x(11) =     0.0000000000
x(12) =     1.5000000000
x(13) =     1.5000000000
x(14) =     1.0000000000
x(15) =     0.0000000000
x(16) =     0.0000000000
x(17) =     0.0000000000
x(18) =     0.0000000000
x(19) =     6.0000000000
x(20) =     0.0000000000
x(21) =     0.0000000000
x(22) =     3.0000000000
x(23) =     1.0000000000
x(24) =     0.0000000000
x(25) =     0.0150000000
x(26) =     0.0000000000
x(27) =     0.0000000000
x(28) =     0.0075000000
x(29) =     0.0025000000
obj =   -58.0000000000
infeas =         0.00
nonopt =         0.00
