modelstatus = 2
x(1) = 10
x(2) =  14
x(3) =  28
x(4) =  24
x(5) =  15
x(6) =  0
x(7) =  0
x(8) =  14
x(9) =  0.594199
x(10) =  0.583088
x(11) =  0.332453
x(12) =  0
x(13) =  0
x(14) =  0.312973
x(15) =  0.0666667
x(16) =  0.0625
x(17) =  0.0588235
x(18) =  0.0555556
x(19) =  0.0526316
x(20) =  0.05
obj =  -52
