modelstatus = 2
x(1) = 1
x(2) =  0
x(3) =  0
x(4) =  0
x(5) =  1
x(6) =  0
x(7) =  6.15109e-16
x(8) =  1
x(9) =  0
x(10) =  7.11155e-18
x(11) =  0
x(12) =  0
x(13) =  1
obj =  -1
