modelstatus =         2.00
x(1) =     0.6582984738
x(2) =     8.8995722408
x(3) =     2.3473817211
x(4) =     1.5773063275
x(5) =     1.3272454372
x(6) =     0.4800000000
x(7) =     2.2000000000
x(8) =     0.2000000000
x(9) =     1.4700000000
x(10) =     1.3800000000
x(11) =     0.7411085621
x(12) =     1.1439066146
x(13) =     0.8629646991
x(14) =     1.5514932238
x(15) =     2.8696072145
x(16) =     5.3452742668
x(17) =     1.0620048718
x(18) =     1.4000322453
x(19) =     1.9852959480
x(20) =     0.3626165542
x(21) =     2.2000000000
x(22) =     0.0670000000
x(23) =     0.0670000000
x(24) =     0.0410000000
x(25) =     0.0670000000
x(26) =     0.0330000000
x(27) =     1.4700000000
x(28) =     1.3800000000
x(29) =     0.2022095996
x(30) =     0.0000000000
x(31) =     0.0000000000
x(32) =     0.0000000000
x(33) =     0.0000000000
x(34) =     0.1047916800
x(35) =     0.1928821663
x(36) =     0.3626165542
x(37) =     0.2000000000
x(38) =     0.0970000000
x(39) =     0.3400000000
x(40) =     0.3182984738
x(41) =     0.4418989626
x(42) =     1.0769066146
x(43) =     0.4559646991
x(44) =     1.5104932238
x(45) =     1.6843087407
x(46) =     3.7300000000
x(47) =     0.0000000000
x(48) =     1.3173817211
x(49) =     1.0300000000
x(50) =     0.0000000000
x(51) =     0.2978925458
x(52) =     1.2794137817
x(53) =     0.0000000000
x(54) =     0.0320048718
x(55) =     1.2952405653
x(56) =     0.0000000000
x(57) =     0.0000000000
x(58) =     0.4800000000
x(59) =     0.8000000000
x(60) =     2.4750000000
x(61) =     3.7125000000
x(62) =     0.2970000000
x(63) =     0.8000000000
obj =   543.5650947902
infeas =         0.00
nonopt =         0.00
