modelstatus =         2.00
x(1) =     2.2114377807
x(2) =     1.2696043047
x(3) =     0.0000000000
x(4) =     0.0640372963
x(5) =     0.0000000000
x(6) =     0.0000000000
x(7) =     2.2114377807
x(8) =     0.0000000000
x(9) =     0.0000000000
x(10) =     1.2696043047
x(11) =     3.5450793818
x(12) =     0.0000000000
x(13) =     0.0000000000
x(14) =     0.0000000000
x(15) =    12.0991315886
x(16) =    34.3655105015
x(17) =    31.6239751056
x(18) =    15.5801736741
x(19) =    30.8204311198
x(20) =    31.6880124019
obj =  -986.5134839919
infeas =         0.00
nonopt =         0.00
