modelstatus =         2.00
x(1) =     0.0000000000
x(2) =   100.0000000000
x(3) =     1.0000000000
x(4) =  2600.0000000000
x(5) =  3000.0000000000
x(6) =     0.0000000000
x(7) =   100.0000000000
x(8) =   100.0000000000
x(9) =     0.0000000000
x(10) =   200.0000000000
x(11) =     0.0000000000
x(12) =   100.0000000000
obj =  -400.0000000000
infeas =         0.00
nonopt =         0.00
