modelstatus =         2.00
x(1) =   376.0000123643
x(2) =   375.9999965052
x(3) =   375.9999962004
x(4) =   400.0000000000
x(5) =   400.0000000000
x(6) =   400.0000000000
x(7) =   100.0001104920
x(8) =    99.9997896652
x(9) =    99.9999850188
x(10) =     0.2645626371
x(11) =     0.2645838014
x(12) =     0.2645701235
x(13) =     4.8348247034
x(14) =     4.8348245188
x(15) =     4.8348245782
x(16) =  1000.0000000000
x(17) =   999.9998698556
x(18) =  1000.0002056963
x(19) =  1000.0000149812
x(20) =   100.0000000000
x(21) =    -0.0000196523
x(22) =     0.0000150138
x(23) =     0.0000046385
x(24) =    93.9999981780
x(25) =    94.0000028797
x(26) =    94.0000002097
x(27) =   469.9999908899
x(28) =   470.0000143987
x(29) =   470.0000010487
obj =   -87.1590376900
infeas =         0.00
nonopt =         0.00
