modelstatus = 0.00
X(1) = 	78.00000
X(2) = 	29.99526
X(3) = 	36.77581
X(4) = 	33.00000
X(5) = 	45.00000
X(6) = 	92.00000
X(7) = 	98.84050
X(8) = 	20.00000
X(9) = 	0.000000
obj = -30665.54
infeas =         0.00
nonopt =         0.00
