modelstatus =         2.00
x(1) =     0.0000000000
x(2) =     1.0000000000
x(3) =     0.5000021823
x(4) =     0.0000000904
x(5) =     1.0000000000
x(6) =     0.5000021822
x(7) =     0.0000000000
x(8) =     0.0000000000
x(9) =     0.8660266133
x(10) =     0.0000024150
x(11) =     0.0000000000
x(12) =     0.8660266117
x(13) =     0.0000000000
x(14) =     0.4330133456
x(15) =     0.0000016425
x(16) =    -0.0000010706
x(17) =     0.4330144871
x(18) =     0.0000000000
obj =    -0.8660284046
infeas =         0.00
nonopt =         0.00
