modelstatus =         2.00
x(1) =    34.0000000000
x(2) =    44.1176470588
x(3) =    44.1176470588
x(4) =    68.0000000000
x(5) =    22.0588235294
x(6) =    66.1764705882
x(7) =  3000.0000000000
x(8) =  1500.0000000000
obj = -4500.0000000000
infeas =         0.00
nonopt =         0.00
