modelstatus = 0.00
X(1) = 	371.8663
X(2) = 	570.2078
X(3) = 	305.5330
X(4) = 	767.1481
X(5) = 	219.6663
X(6) = 	452.3659
X(7) = 	839.1965
X(8) = 	955.8031
X(9) = 	801.9350
X(10) = 	1079.933
X(11) = 	734.1940
X(12) = 	864.0049
X(13) = 	11.06276
X(14) = 	26.01096
X(15) = 	7.468035
X(16) = 	47.08129
X(17) = 	3.860261
X(18) = 	16.37079
X(19) = 	2178.175
X(20) = 	3163.933
X(21) = 	1848.499
X(22) = 	4142.726
X(23) = 	1421.741
X(24) = 	2578.259
X(25) = 	100000.0
X(26) = 	97861.90
X(27) = 	83894.70
X(28) = 	85712.71
X(29) = 	60000.00
X(30) = 	66939.10
X(31) = 	60000.00
obj = 4366944
infeas =         0.00
nonopt =         0.00
