modelstatus =         2.00
x(1) =     0.0000000000
x(2) = 50000.0000000000
x(3) = 42000.0000000000
x(4) = 40000.0000000000
x(5) = 40000.0000000000
x(6) = 45000.0000000000
x(7) = 38769.8294430162
x(8) =    11.7138938118
x(9) =     0.1000000000
x(10) =     0.0000000000
x(11) =     0.0002524834
x(12) =     0.0000000000
x(13) =   914.0868823231
x(14) =     0.0666666667
x(15) =     0.0625000000
x(16) =     0.0000000000
x(17) =  1863.0310692451
x(18) =     0.0526315789
x(19) =     0.0000000000
x(20) = 40979.4765382521
x(21) = 1.22062833446E+5
obj =     0.0000000000
infeas =         0.00
nonopt =         0.00
