modelstatus =  -1.00
X(1) = 	452.7656
X(2) = 	309.8578
X(3) = 	204.0437
X(4) = 	1.000000
X(5) = 	1.003583
X(6) = 	0.9975848
X(7) = 	0.9972135
X(8) = 	1.010335
X(9) = 	1.009265
X(10) = 	1.010523
X(11) = 	1.000000
X(12) = 	1.000000
X(13) = 	1.000000
X(14) = 	0.9988199
X(15) = 	0.9988433
X(16) = 	0.9988201
X(17) = 	1.003514
X(18) = 	0.9976767
X(19) = 	0.9973658
X(20) = 	1.004242
X(21) = 	0.9990517
X(22) = 	0.9957049
X(23) = 	0.7401241
X(24) = 	0.2889019
X(25) = 	0.6604679
X(26) = 	0.1136912E-01
X(27) = 	711.7032
X(28) = 	927.1077
X(29) = 	498.8195
X(30) = 	657.7930
X(31) = 	837.1361
X(32) = 	515.5883
X(33) = 	642.5995
X(34) = 	810.1799
X(35) = 	493.0946
X(36) = 	15.20231
X(37) = 	26.96802
X(38) = 	22.50956
X(39) = 	69.10600
X(40) = 	116.9220
X(41) = 	4.904884
X(42) = 	657.5754
X(43) = 	338.7076
X(44) = 	1548.519
X(45) = 	0.7403255E-01
X(46) = 	0.1391117
X(47) = 	0.1520225
X(48) = 	2515.900
X(49) = 	1565.987
X(50) = 	948.1000
X(51) = 	2515.900
X(52) = 	446.9107
X(53) = 	762.8039
X(54) = 	356.2724
X(55) = 	948.1000
X(56) = 	2.823038
X(57) = 	9.880633
X(58) = 	128.4482
X(59) = 	0.000000
X(60) = 	0.000000
X(61) = 	0.000000
X(62) = 	0.6000000E-01
X(63) = 	0.6000000E-01
X(64) = 	39.17440
X(65) = 	20.09077
X(66) = 	44.81682
X(67) = 	89.63572
X(68) = 	0.000000
X(69) = 	58.75900
X(70) = 	548.2381
X(71) = 	581.5979
X(72) = 	1.000000
X(73) = 	0.000000
X(74) = 	0.000000
X(75) = 	0.000000
X(76) = 	0.000000
X(77) = 	256.1146
X(78) = 	463.2101
X(79) = 	155.9434
X(80) = 	0.000000
X(81) = 	144.1591
X(82) = 	10.38417
X(83) = 	1129.836
X(84) = 	194.0403
X(85) = 	28.31992
X(86) = 	65.05204
X(87) = 	0.000000
X(88) = 	141.1519
X(89) = 	61.75005
X(90) = 	53.43753
X(91) = 	0.000000
X(92) = 	154.3620
X(93) = 	154.3620
X(94) = 	1.848770
X(95) = 	100.6684
obj = -339.2130
infeas =         0.00
nonopt =         0.00
