modelstatus =         2.00
x(1) =  2178.5522745283
x(2) =   566.2290777814
x(3) =   145.4318181818
x(4) =  3734.6610420486
x(5) =   478.5034460125
x(6) =   128.8636363636
x(7) =     0.3000000000
x(8) =     0.2900000000
x(9) =     0.2100000000
x(10) =  3112.2175350405
x(11) =   797.5057433541
x(12) =   184.0909090909
x(13) =     1.2000000000
x(14) =     0.6000000000
x(15) =     0.7000000000
x(16) =   167.8379843862
x(17) =   284.0000000000
x(18) =   383.7142857143
x(19) =   287.7222589477
x(20) =   240.0000000000
x(21) =   340.0000000000
x(22) =    68.0797585790
x(23) =    28.3114538891
x(24) =    11.3113636364
x(25) =   136.1595171580
x(26) =    47.1857564818
x(27) =    16.1590909091
x(28) =     2.5000000000
x(29) =   125.0000000000
x(30) =    75.0000000000
x(31) =    50.0000000000
x(32) =   746.9322084097
x(33) =    95.7006892025
x(34) =   128.8636363636
x(35) = 11015.8308441194
x(36) =  9447.4570850043
x(37) = 16873.7234542376
x(38) = 37337.0113833614
obj =  2257.7975576308
infeas =         0.00
nonopt =         0.00
