modelstatus =         2.00
x(1) =   516.6511741720
x(2) =  -149.3518936960
x(3) =    -0.2066427680
obj = 14085.1398489000
infeas =         0.00
nonopt =         0.00
