modelstatus =         2.00
x(1) =    -2.2499999990
x(2) =    -7.0624999997
x(3) =     9.1250000016
x(4) =    10.3125000025
x(5) =    -0.2499999982
x(6) =    12.0625000036
x(7) =    10.2500000037
x(8) =     7.6874999966
x(9) =    -0.0000000029
x(10) =     0.0000000002
x(11) =    -5.1874999974
x(12) =     0.0000000023
x(13) =     0.6250000010
x(14) =     0.0000000049
x(15) =    -8.1874999965
x(16) =    -1.9999999993
x(17) =     0.4999999970
x(18) =    -0.3125000037
x(19) =    10.8749999997
x(20) =    -2.3124999996
x(21) =     7.5624999986
x(22) =     1.1875000001
x(23) =     0.3750000001
x(24) =    -0.8125000004
obj =    89.0000000092
infeas =         0.00
nonopt =         0.00
