modelstatus = 2
x(1) = 0
x(2) =  0
x(3) =  0.0144299
x(4) =  0.464722
x(5) =  2.09909e-20
x(6) =  0.0904447
x(7) =  0.430404
x(8) =  0.115
obj =  5.2434
