modelstatus =         2.00
x(1) =     1.1166347512
x(2) =     1.2204408252
x(3) =     1.5377853890
x(4) =     1.7910959566
x(5) =     1.9727702021
obj =     0.0293108313
infeas =         0.00
nonopt =         0.00
