modelstatus =         2.00
x(1) =   341.9200000000
x(2) =     0.0000000000
x(3) =   353.5400000000
x(4) =     0.0000000000
x(5) =   396.0000000000
x(6) =     0.0000000000
x(7) =    79.2000000000
x(8) =     0.0000000000
x(9) =     3.7600000000
x(10) =     0.0000000000
x(11) =     0.0000000000
x(12) =     0.0000000000
x(13) =    32.4000000000
x(14) =     0.0000000000
x(15) =     0.0000000000
x(16) =     0.0000000000
x(17) =     0.0000000000
x(18) =     0.0000000000
x(19) =     0.0000000000
x(20) =     0.0000000000
x(21) =    28.6400000000
x(22) =     0.0000000000
x(23) =     3.7600000000
x(24) =     0.0000000000
x(25) =     9.5410000000
x(26) =     0.0000000000
x(27) =     8.7560000000
x(28) =     0.0000000000
x(29) =    25.6358181420
x(30) =     0.0000000000
x(31) =    37.6600286584
x(32) =     0.0000000000
x(33) =    32.4000000000
x(34) =     0.0000000000
x(35) =     3.7600000000
x(36) =     0.0000000000
x(37) =    32.4000000000
x(38) =     0.0000000000
x(39) =     3.7600000000
x(40) =     0.0000000000
x(41) =     0.0000000000
x(42) =     0.0000000000
x(43) =     0.0000000000
x(44) =     0.0000000000
x(45) =     0.0000000000
x(46) =   104.8941532191
x(47) =     0.0000000000
x(48) =   104.8941532191
x(49) =     0.0000000000
x(50) =   347.9386818182
x(51) =     0.0000000000
x(52) =   334.4661438596
x(53) =     0.0000000000
x(54) =     0.0181818182
x(55) =     0.0000000000
x(56) =     0.0175438596
x(57) =     0.0000000000
x(58) =     0.0000000000
x(59) =     0.0000000000
x(60) =     0.0000000000
x(61) =     0.0000000000
x(62) =    20.5408700000
x(63) =     0.0000000000
x(64) =    29.7660480000
obj =   582.2361420430
infeas =         0.00
nonopt =         0.00
