modelstatus =         2.00
x(1) =    10.0000000000
x(2) =    10.1999999949
x(3) =    10.4040000100
x(4) =    10.6120800071
x(5) =    10.8243216001
x(6) =    11.0408080312
x(7) =    11.2616241928
x(8) =    11.4868566742
x(9) =    11.7165938162
x(10) =    11.9509256814
x(11) =    12.1899442014
x(12) =    12.4337430913
x(13) =    12.6824179405
x(14) =    12.9360663059
x(15) =    13.1947876360
x(16) =    13.4586833850
x(17) =    13.7278570503
x(18) =    88.2000000000
x(19) =    91.7280000000
x(20) =    95.3971200000
x(21) =    99.2130048000
x(22) =   103.1815249920
x(23) =   107.3087859917
x(24) =   111.6011374313
x(25) =   116.0651829286
x(26) =   120.7077902457
x(27) =   125.5361018556
x(28) =   130.5575459298
x(29) =   135.7798477670
x(30) =   141.2110416777
x(31) =   146.8594833448
x(32) =   152.7338626786
x(33) =   158.8432171857
x(34) =    37.1002918554
x(35) =    37.2897436958
x(36) =    37.5852885669
x(37) =    38.5688618977
x(38) =    40.6573159367
x(39) =    43.5385300792
x(40) =    46.8862704186
x(41) =    50.4663194136
x(42) =    54.2939520705
x(43) =    58.3854181422
x(44) =    62.7580032355
x(45) =    67.4300937024
x(46) =    72.4212455603
x(47) =    77.7522576691
x(48) =    83.4452494639
x(49) =    89.5237434764
x(50) =    96.0127529700
x(51) =     3.5000000000
x(52) =     3.7500000000
x(53) =     5.4000000000
x(54) =     7.9000000000
x(55) =     9.4999999975
x(56) =    10.2620000035
x(57) =    10.4672400056
x(58) =    10.6765848042
x(59) =    10.8901164970
x(60) =    11.1079188258
x(61) =    11.3300772012
x(62) =    11.5566787489
x(63) =    11.7878123204
x(64) =    12.0235685683
x(65) =    12.2640399424
x(66) =    12.5093207379
x(67) =    29.4000000000
x(68) =    32.3932068568
x(69) =    35.3547318460
x(70) =    37.3548548695
x(71) =    37.7150673713
x(72) =    36.9247876618
x(73) =    35.5044250724
x(74) =    33.8329898859
x(75) =    31.8875936573
x(76) =    29.6435879899
x(77) =    27.0744386500
x(78) =    24.1515914014
x(79) =    20.8443283420
x(80) =    17.1196143837
x(81) =    12.9419335103
x(82) =     8.2731135158
x(83) =     3.0721389018
x(84) =   165.1969458731
x(85) =     3.5000000000
x(86) =     3.5000000000
x(87) =     3.5000000000
x(88) =     3.5000000000
x(89) =     3.5000000000
x(90) =     3.5000000000
x(91) =     3.5000000000
x(92) =     4.0000000000
x(93) =     7.0000000000
x(94) =     1.7500000000
x(95) =     2.8000000000
x(96) =     3.5000000000
x(97) =     3.5000000000
x(98) =     3.5000000000
x(99) =     3.5000000000
x(100) =    12.7595071534
x(101) =    13.0146972979
x(102) =    13.2749912445
x(103) =    13.5404910678
obj =     0.0000000000
infeas =         0.00
nonopt =         0.00
