modelstatus =         2.00
x(1) =    13.1407018213
x(2) =    11.4625517917
x(3) =    10.9705089357
x(4) =    11.0493445880
x(5) =    11.3844468152
x(6) =    11.8186668050
x(7) =    12.2811331650
x(8) =    12.7513291023
x(9) =    13.2442143308
x(10) =    13.8107930339
x(11) =    14.5552036973
x(12) =    15.6765790199
x(13) =    17.5537912502
x(14) =    20.9107912621
x(15) =    27.1321260404
x(16) =    38.8572893935
x(17) =     6.9775287640
x(18) =    13.9158937557
x(19) =    20.5812974187
x(20) =    26.8753306543
x(21) =    32.7657726925
x(22) =    38.2534086272
x(23) =    43.3557271801
x(24) =    48.0987507205
x(25) =    52.5130306296
x(26) =    56.6320823125
x(27) =    60.4926862130
x(28) =    64.1372375498
x(29) =    67.6190417943
x(30) =    71.0124163021
x(31) =    74.4307676407
x(32) =    78.0572608326
x(33) =    10.2741799992
x(34) =     9.9149898995
x(35) =     9.9403664306
x(36) =    10.1216322119
x(37) =    10.3523449816
x(38) =    10.5849152968
x(39) =    10.7991732141
x(40) =    10.9862448132
x(41) =    11.1393686449
x(42) =    11.2470164080
x(43) =    11.2849427554
x(44) =    11.2034015374
x(45) =    10.9038436878
x(46) =    10.1949069505
x(47) =     8.7093153254
x(48) =     5.7486629381
x(49) =   489.7258200008
x(50) =   479.8108301013
x(51) =   469.8704636707
x(52) =   459.7488314589
x(53) =   449.3964864773
x(54) =   438.8115711804
x(55) =   428.0123979664
x(56) =   417.0261531531
x(57) =   405.8867845083
x(58) =   394.6397681003
x(59) =   383.3548253449
x(60) =   372.1514238076
x(61) =   361.2475801197
x(62) =   351.0526731692
x(63) =   342.3433578438
x(64) =   336.5946949057
x(65) =    18.0000000000
x(66) =    17.2517087632
x(67) =    16.8533548911
x(68) =    16.6057700936
x(69) =    16.4156654475
x(70) =    16.2427870198
x(71) =    16.0725512315
x(72) =    15.9014917670
x(73) =    15.7292683537
x(74) =    15.5536485539
x(75) =    15.3660680909
x(76) =    15.1455466560
x(77) =    14.8479528741
x(78) =    14.3856479323
x(79) =    13.5882814583
x(80) =    12.1276666641
x(81) =     9.3751561299
x(82) =     6.5000000000
x(83) =     6.9775287640
x(84) =     6.9383649916
x(85) =     6.6654036630
x(86) =     6.2940332356
x(87) =     5.8904420382
x(88) =     5.4876359347
x(89) =     5.1023185529
x(90) =     4.7430235404
x(91) =     4.4142799090
x(92) =     4.1190516829
x(93) =     3.8606039006
x(94) =     3.6445513368
x(95) =     3.4818042445
x(96) =     3.3933745078
x(97) =     3.4183513387
x(98) =     3.6264931918
x(99) =     0.0000000000
x(100) =   500.0000000000
x(101) =   129.7650724877
x(102) =   108.4849920196
x(103) =   103.7619921330
x(104) =   106.3335098025
x(105) =   112.0966944210
x(106) =   119.0691425561
x(107) =   126.3183387530
x(108) =   133.5031585677
x(109) =   140.6710554294
x(110) =   148.2053533155
x(111) =   156.8953078507
x(112) =   168.1049053172
x(113) =   183.8578327864
x(114) =   205.9233309579
x(115) =   229.9421678887
x(116) =   219.1077375275
obj = -1612.1783032290
infeas =         0.00
nonopt =         0.00
