modelstatus =         1.00
x(1) = 41168.4000000000
x(2) = 12825.0000000000
x(3) = 11792.2000000000
x(4) = 19422.2000000000
x(5) = 11858.0000000000
x(6) = 21825.0000000000
x(7) = 92422.4000000000
x(8) = 73826.9441045000
x(9) =   796.2000000000
x(10) =  2698.7479502900
x(11) =  5192.6000000000
x(12) =  8697.6000000000
x(13) = 61439.4000000000
x(14) = 39211.2000000000
x(15) = 62545.0504323000
x(16) = 1.26019600000E+5
x(17) = 41104.0000000000
x(18) = 18019.8128302000
x(19) =  5612.6000000000
x(20) = 34052.2000000000
x(21) = 34592.6000000000
x(22) = 26485.2000000000
x(23) = 28890.4000000000
x(24) = 14639.8000000000
x(25) = 13634.6000000000
x(26) = 26432.0000000000
x(27) = 62272.0000000000
x(28) = 51136.4000000000
x(29) =  1061.2000000000
x(30) =  6889.4000000000
x(31) =  9472.4000000000
x(32) = 13115.2000000000
x(33) = 43577.8000000000
x(34) =  1632.4000000000
x(35) = 83335.0000000000
x(36) = 88267.2000000000
x(37) = 41774.6000000000
x(38) = 23723.0000000000
x(39) =  6759.2000000000
x(40) = 34396.6000000000
x(41) = 6.90529155317E+5
x(42) = 6.12087000000E+5
obj = -5.3532686288E+6
infeas =         0.00
nonopt =         0.00
