modelstatus =         2.00
x(1) =     0.0747216177
x(2) =     0.2383968933
x(3) =     0.4217965489
x(4) =     0.6060414761
x(5) =     0.7644942455
x(6) =     0.8870378989
x(7) =     0.9672011432
x(8) =     1.0000000000
x(9) =     0.9855371498
x(10) =     0.9459078444
x(11) =     0.9141168776
x(12) =     0.8822731137
x(13) =     0.8505346522
x(14) =     0.8180816654
x(15) =     0.7854757948
x(16) =     0.7527960392
x(17) =     0.7202468728
x(18) =     0.6921339412
x(19) =     0.1120448183
x(20) =     0.1057820540
x(21) =     0.4561678940
x(22) =     0.0987221583
x(23) =     0.0714225784
x(24) =     0.0546491789
x(25) =     0.0430010870
x(26) =     0.0391780972
x(27) =     0.6921339412
x(28) =     0.6640636518
x(29) =     0.6362144412
x(30) =     0.6085590114
x(31) =     0.0302683102
x(32) =     0.6085590114
x(33) =     0.3829343487
x(34) =     0.6085590114
x(35) =     0.5811533232
x(36) =     0.5541606468
x(37) =     0.5215220254
x(38) =     0.4892546414
x(39) =     0.4572549139
x(40) =     0.4255167793
x(41) =     0.3939724479
x(42) =     0.3627204207
x(43) =     0.3278683447
x(44) =     0.2930172851
x(45) =     0.2579000573
x(46) =     0.2223297406
x(47) =     0.1865543686
x(48) =     0.1506840685
x(49) =     0.0754655227
x(50) =     0.0000000000
x(51) =     0.0751112245
x(52) =     0.2927029047
x(53) =     0.4914587194
x(54) =     0.7175156044
x(55) =     0.9422816551
x(56) =     1.1663215427
x(57) =     1.3891671949
x(58) =     1.6085380471
x(59) =     1.8036290931
x(60) =     1.9710799096
x(61) =     2.0447204147
x(62) =     2.1209794437
x(63) =     2.2002230914
x(64) =     2.2514497278
x(65) =     2.3048472875
x(66) =     2.3607212470
x(67) =     2.4192223578
x(68) =     2.4530375693
x(69) =     2.4530375693
x(70) =     2.4530375693
x(71) =     2.4530375693
x(72) =     2.4530375693
x(73) =     2.4530375693
x(74) =     2.4530375693
x(75) =     2.4530375693
x(76) =     2.4530375693
x(77) =     2.4530375693
x(78) =     2.4880280154
x(79) =     2.5241600451
x(80) =     2.5616792450
x(81) =     2.5616792450
x(82) =     2.5616792450
x(83) =     2.5616792450
x(84) =     2.5616792450
x(85) =     2.6007568213
x(86) =     2.6414296738
x(87) =     2.6734998756
x(88) =     2.7069204024
x(89) =     2.7421501061
x(90) =     2.7796528085
x(91) =     2.8201250361
x(92) =     2.8642652890
x(93) =     2.8921505390
x(94) =     2.9223109039
x(95) =     2.9559744168
x(96) =     2.9950616111
x(97) =     3.0424133844
x(98) =     3.1039208827
x(99) =     3.1415926536
x(100) =     3.1415926536
obj =    -0.7756735596
infeas =         0.00
nonopt =         0.00
