modelstatus =         2.00
x(1) =     0.1268014334
x(2) =     0.3339373093
x(3) =     0.5470781643
x(4) =     0.7360227793
x(5) =     0.8824201330
x(6) =     0.9695626840
x(7) =     1.0000000000
x(8) =     0.9730147542
x(9) =     0.9306381497
x(10) =     0.8884757159
x(11) =     0.8249714820
x(12) =     0.7615617685
x(13) =     0.7147810878
x(14) =     0.6677814631
x(15) =     0.6211332315
x(16) =     0.2472160333
x(17) =     0.6211332315
x(18) =     0.5750448269
x(19) =     0.5187398776
x(20) =     0.4625367173
x(21) =     0.4066955472
x(22) =     0.3516154929
x(23) =     0.2390109845
x(24) =     0.1271343277
x(25) =     0.0000000000
x(26) =     0.1270533182
x(27) =     0.3680251948
x(28) =     0.6271653377
x(29) =     0.8813417184
x(30) =     1.1406010917
x(31) =     1.3922433273
x(32) =     1.6344063771
x(33) =     1.8490315253
x(34) =     1.9748663294
x(35) =     2.1066088921
x(36) =     2.2202619919
x(37) =     2.3433599400
x(38) =     2.4020861309
x(39) =     2.4646898587
x(40) =     2.5314743513
x(41) =     2.5314743513
x(42) =     2.5314743513
x(43) =     2.6034473670
x(44) =     2.6592091480
x(45) =     2.7204560374
x(46) =     2.7894049799
x(47) =     2.8694995221
x(48) =     2.9691286693
x(49) =     3.1415926536
x(50) =     3.1415926536
obj =    -0.7722169864
infeas =         0.00
nonopt =         0.00
