modelstatus =         2.00
x(1) =  3056.4925366633
x(2) =  1728.9208947293
x(3) = 16000.0000000000
x(4) =  2000.0000000000
x(5) =    90.6160897544
x(6) =    10.4111183195
x(7) =     2.6169488644
x(8) =    94.1877644678
x(9) =    98.1606634039
x(10) =   149.5632934034
obj = -1161.3366023987
infeas =         0.00
nonopt =         0.00
