modelstatus =         1.00
x(1) =   241.8683730880
x(2) =   530.9697379560
x(3) =   845.7368007290
x(4) =   394.3868090060
x(5) =     0.0000000000
x(6) =   308.9541661790
x(7) =   657.7010364770
x(8) =    53.2589523153
x(9) =    53.2589523153
x(10) =  1448.0044655000
x(11) =     0.0000000000
x(12) =     0.0000000000
x(13) =     0.0000000000
x(14) =     0.0000000000
x(15) =   306.8410036820
x(16) =     0.0000000000
x(17) =   118.6316591210
x(18) =   377.2723893870
x(19) = 2.04556984053E+5
x(20) = 2.59435008518E+5
obj =     0.0000000000
infeas =         0.00
nonopt =         0.00
