modelstatus = 2
x(1) = 6.04831e-21
x(2) =  0
x(3) =  0
x(4) =  0
x(5) =  0.0270142
x(6) =  0
x(7) =  5.62022e-22
x(8) =  0
x(9) =  0
x(10) =  0.00602106
x(11) =  0.0548767
x(12) =  4.49131e-21
x(13) =  9.76904e-22
x(14) =  0.00197593
x(15) =  2.2911e-22
x(16) =  0.0177891
x(17) =  7.3746e-22
x(18) =  1.01409e-20
x(19) =  0.0053333
x(20) =  0
x(21) =  0
x(22) =  0.258193
x(23) =  8.23555e-22
x(24) =  0
x(25) =  0.0155939
x(26) =  2.56399e-22
x(27) =  1.7653e-23
x(28) =  0.0576939
x(29) =  2.31979e-22
x(30) =  0.0512815
x(31) =  5.57017e-22
x(32) =  3.09513e-22
x(33) =  0.00590651
x(34) =  0
x(35) =  4.09543e-22
x(36) =  0.0152836
x(37) =  0.0100956
x(38) =  0.00214651
x(39) =  4.23316e-22
x(40) =  1.20925e-22
x(41) =  0
x(42) =  0
x(43) =  3.99173e-22
x(44) =  4.48408e-22
x(45) =  0.247354
x(46) =  0.0761338
x(47) =  0.147307
x(48) =  0
x(49) =  0
x(50) =  0
obj =  0.000809315
