modelstatus = 2
x(1) = 4.09638e-21
x(2) =  2.97781e-21
x(3) =  0
x(4) =  4.59589e-22
x(5) =  0.0270142
x(6) =  0
x(7) =  3.40226e-22
x(8) =  4.75918e-22
x(9) =  0
x(10) =  0.00602106
x(11) =  0.0548767
x(12) =  7.73116e-23
x(13) =  0
x(14) =  0.00197593
x(15) =  0
x(16) =  0.0177891
x(17) =  8.29985e-22
x(18) =  2.89439e-21
x(19) =  0.0053333
x(20) =  5.14659e-22
x(21) =  0
x(22) =  0.258193
x(23) =  6.211e-22
x(24) =  0
x(25) =  0.0155939
x(26) =  5.7065e-23
x(27) =  1.25899e-21
x(28) =  0.0576939
x(29) =  0
x(30) =  0.0512815
x(31) =  0
x(32) =  0
x(33) =  0.00590651
x(34) =  9.71096e-22
x(35) =  7.15829e-22
x(36) =  0.0152836
x(37) =  0.0100956
x(38) =  0.00214651
x(39) =  8.25226e-22
x(40) =  0
x(41) =  1.07308e-23
x(42) =  0
x(43) =  0
x(44) =  0
x(45) =  0.247354
x(46) =  0.0761338
x(47) =  0.147307
x(48) =  6.46083e-22
x(49) =  0
x(50) =  1.26659e-21
obj =  0.000809315
