modelstatus = 2
x(1) = 3.86713e-32
x(2) =  -9.66066e-33
x(3) =  3.01256e-34
x(4) =  5.91434e-33
x(5) =  0.0270143
x(6) =  -6.5555e-33
x(7) =  2.99234e-34
x(8) =  9.16245e-33
x(9) =  -1.11128e-33
x(10) =  0.00602115
x(11) =  0.0548776
x(12) =  2.94607e-33
x(13) =  -6.87838e-33
x(14) =  0.00197653
x(15) =  -1.01739e-33
x(16) =  0.0177891
x(17) =  2.11984e-33
x(18) =  1.52045e-32
x(19) =  0.00533414
x(20) =  -6.97896e-33
x(21) =  -9.49329e-34
x(22) =  0.258195
x(23) =  6.24874e-33
x(24) =  1.01158e-33
x(25) =  0.0155945
x(26) =  -1.68866e-33
x(27) =  -1.02856e-34
x(28) =  0.0576926
x(29) =  2.19973e-33
x(30) =  0.0512824
x(31) =  -1.13339e-33
x(32) =  -2.26388e-34
x(33) =  0.00590633
x(34) =  1.68274e-33
x(35) =  -1.59894e-32
x(36) =  0.0152834
x(37) =  0.0100949
x(38) =  0.00214642
x(39) =  -1.46815e-33
x(40) =  -1.10491e-33
x(41) =  2.65549e-33
x(42) =  -1.03217e-34
x(43) =  3.05318e-33
x(44) =  -5.17814e-34
x(45) =  0.247356
x(46) =  0.0761317
x(47) =  0.147304
x(48) =  7.08059e-35
x(49) =  -1.06954e-33
x(50) =  -2.08954e-33
x(51) =  0.00202507
x(52) =  0.000996059
x(53) =  0.00348694
x(54) =  0.00216731
x(55) =  0.00080933
x(56) =  0.00233631
x(57) =  0.00148919
x(58) =  0.00186743
x(59) =  0.00239186
x(60) =  0.000809404
x(61) =  0.000809314
x(62) =  0.00159161
x(63) =  0.00209068
x(64) =  0.000809414
x(65) =  0.0122211
x(66) =  0.000809137
x(67) =  0.0018986
x(68) =  0.00189913
x(69) =  0.000809354
x(70) =  0.00100756
x(71) =  0.0117122
x(72) =  0.000809334
x(73) =  0.00154875
x(74) =  0.00660787
x(75) =  0.000809467
x(76) =  0.0026476
x(77) =  0.00956193
x(78) =  0.000809309
x(79) =  0.0024529
x(80) =  0.000809357
x(81) =  0.0215463
x(82) =  0.00765134
x(83) =  0.000809408
x(84) =  0.00468854
x(85) =  0.00157617
x(86) =  0.000809297
x(87) =  0.000809199
x(88) =  0.00080934
x(89) =  0.00917748
x(90) =  0.00756774
x(91) =  0.00160066
x(92) =  0.00544288
x(93) =  0.00376265
x(94) =  0.00724875
x(95) =  0.000809319
x(96) =  0.000809272
x(97) =  0.000809288
x(98) =  0.0124952
x(99) =  0.00405371
x(100) =  0.0222964
obj =  0.000809315
