modelstatus = 2
x(1) = 0.00819511
x(2) =  -0.00410819
x(3) =  -0.0351999
x(4) =  0.0425207
x(5) =  -0.0148639
x(6) =  -0.00608487
x(7) =  -0.0764172
x(8) =  -0.000491039
x(9) =  -0.0241393
x(10) =  0.0134867
x(11) =  0.0141538
x(12) =  -0.0135212
x(13) =  -0.021263
x(14) =  -0.0350027
x(15) =  0.048824
x(16) =  -0.00304659
x(17) =  -0.00998746
x(18) =  0.0590629
x(19) =  0.0258043
x(20) =  -0.00921426
x(21) =  0.0119031
x(22) =  -0.00795405
x(23) =  0.0238114
x(24) =  -0.00371877
x(25) =  -0.00576857
x(26) =  0.00528638
x(27) =  -0.00171295
x(28) =  0.0473786
x(29) =  -0.027933
x(30) =  0
x(31) =  3.39653e-20
x(32) =  0
x(33) =  7.64091e-22
x(34) =  0.0270331
x(35) =  3.00069e-21
x(36) =  2.59748e-22
x(37) =  1.37445e-20
x(38) =  2.44682e-21
x(39) =  0.00602358
x(40) =  0.0548412
x(41) =  0
x(42) =  3.43896e-21
x(43) =  0.00198593
x(44) =  3.89302e-23
x(45) =  0.0177924
x(46) =  1.2052e-20
x(47) =  0
x(48) =  0.00533241
x(49) =  0
x(50) =  6.9781e-39
x(51) =  0.25821
x(52) =  0
x(53) =  5.05644e-21
x(54) =  0.0155934
x(55) =  0
x(56) =  3.37267e-37
x(57) =  0.0576625
x(58) =  4.67941e-21
x(59) =  0.0512977
x(60) =  1.87017e-22
x(61) =  0
x(62) =  0.00590122
x(63) =  1.32759e-21
x(64) =  0
x(65) =  0.015282
x(66) =  0.0101096
x(67) =  0.00214697
x(68) =  4.68124e-22
x(69) =  0
x(70) =  0
x(71) =  1.41758e-20
x(72) =  9.16807e-23
x(73) =  0
x(74) =  0.247316
x(75) =  0.0761132
x(76) =  0.147359
x(77) =  3.14161e-24
x(78) =  0
x(79) =  0
obj =  0.000809315
