modelstatus = 2
x(1) = 1.7643e-19
x(2) =  0.00752753
x(3) =  1.27377e-18
x(4) =  -1.14082e-18
x(5) =  0.0093256
x(6) =  0.00506152
x(7) =  7.40446e-17
x(8) =  0.00675002
x(9) =  0.004671
x(10) =  -1.90247e-19
x(11) =  -1.95156e-18
x(12) =  0.0069915
x(13) =  0.00302132
x(14) =  2.12599e-17
x(15) =  -1.98108e-19
x(16) =  0.0242444
x(17) =  0.00338896
x(18) =  8.50833e-17
x(19) =  6.45612e-19
x(20) =  0.000493813
x(21) =  -6.95119e-18
x(22) =  0.125392
x(23) =  -7.28711e-17
x(24) =  -2.61848e-17
x(25) =  0.0209951
x(26) =  -1.91093e-18
x(27) =  -2.07434e-19
x(28) =  0.0317661
x(29) =  3.81192e-18
x(30) =  0.0716194
x(31) =  -2.17813e-19
x(32) =  4.61436e-18
x(33) =  0.027656
x(34) =  -7.13852e-19
x(35) =  -3.4192e-17
x(36) =  0.0218829
x(37) =  0.0364422
x(38) =  0.00212792
x(39) =  -1.90338e-20
x(40) =  4.20399e-17
x(41) =  8.10173e-17
x(42) =  -7.17863e-17
x(43) =  -3.84788e-19
x(44) =  -5.66386e-22
x(45) =  0.307439
x(46) =  0.133474
x(47) =  0.14973
x(48) =  6.03324e-18
x(49) =  -1.63682e-17
x(50) =  -1.15107e-17
x(51) =  5.4815e-16
x(52) =  -7.4052e-17
x(53) =  -2.95407e-16
x(54) =  0.0165202
x(55) =  -7.14709e-18
x(56) =  3.60255e-16
x(57) =  -2.49735e-16
x(58) =  3.58918e-18
x(59) =  -5.64409e-17
x(60) =  -1.08137e-15
x(61) =  5.77207e-16
x(62) =  2.74801e-16
x(63) =  -1.39469e-16
x(64) =  4.97328e-16
x(65) =  0.0911813
x(66) =  2.46699e-16
x(67) =  1.94634e-16
x(68) =  0.0734115
x(69) =  -1.73472e-18
x(70) =  -1.3768e-16
x(71) =  -1.38452e-17
x(72) =  -1.69204e-17
x(73) =  0.0337589
x(74) =  2.26994e-18
x(75) =  2.99458e-16
x(76) =  -2.41182e-18
x(77) =  0.000886577
x(78) =  6.19813e-18
x(79) =  -2.17776e-16
x(80) =  -4.82625e-17
x(81) =  -2.89396e-17
x(82) =  0.00190632
x(83) =  -5.80795e-18
x(84) =  8.91522e-18
x(85) =  -6.53723e-17
x(86) =  0.148063
x(87) =  6.58195e-18
x(88) =  0.0240414
x(89) =  2.1057e-17
x(90) =  5.08991e-17
x(91) =  -3.70392e-17
x(92) =  0.00165323
x(93) =  0.0400946
x(94) =  7.39529e-18
x(95) =  5.41707e-17
x(96) =  -1.93763e-18
x(97) =  -1.69598e-17
x(98) =  1.86726e-18
x(99) =  -1.41221e-17
x(100) =  -2.35084e-17
x(101) =  -5.26778e-17
x(102) =  -2.7009e-17
x(103) =  -4.17009e-18
x(104) =  -2.11001e-18
x(105) =  5.10857e-17
x(106) =  5.4559e-17
x(107) =  8.4969e-19
x(108) =  -6.32628e-18
obj =  0.431517
