modelstatus =         2.00
x(1) =     3.0000000000
x(2) =     3.0500000000
x(3) =     3.1075000000
x(4) =     3.1736250000
x(5) =     3.2496687500
x(6) =     3.3371190625
x(7) =     3.4376869219
x(8) =     3.5533399602
x(9) =     3.6749530684
x(10) =     3.8002014674
x(11) =     3.9294207301
x(12) =     0.9500000000
x(13) =     0.9691503622
x(14) =     0.9884520302
x(15) =     1.0078640562
x(16) =     1.0273347325
x(17) =     1.0467987434
x(18) =     1.0661736089
x(19) =     1.0967431712
x(20) =     1.1309434869
x(21) =     1.1659383079
x(22) =     1.2174240065
x(23) =     0.0500000000
x(24) =     0.0575000000
x(25) =     0.0661250000
x(26) =     0.0760437500
x(27) =     0.0874503125
x(28) =     0.1005678594
x(29) =     0.1156530383
x(30) =     0.1216131082
x(31) =     0.1252483990
x(32) =     0.1292192627
x(33) =     0.1178826219
obj =    -2.4874686452
infeas =         0.00
nonopt =         0.00
