modelstatus =         2.00
x(1) =    14.4278050001
x(2) =     2.8855610009
x(3) =   126.8252317237
x(4) =    84.2535956101
x(5) =    15.8689824120
x(6) =   137.5311809790
x(7) =    22.9849687858
x(8) =    22.1841015241
x(9) =    35.4945624187
x(10) =    49.5599004531
x(11) =   228.3921933347
x(12) =   176.3851321768
x(13) =   107.2385643958
x(14) =    52.4808889361
x(15) =   175.9113043986
x(16) =    52.4808889361
x(17) =   175.9113043986
obj =     3.9682203618
infeas =         0.00
nonopt =         0.00
