modelstatus =         1.00
x(1) =   193.4479462950
x(2) =   179.4363559960
x(3) =   185.1184412970
x(4) =   168.6339551800
obj =   726.6366987670
infeas =         0.00
nonopt =         0.00
