modelstatus =  1
x1  =  1.0500000000
x2  =  1.0500000000
x3  =  1.0500000000
x4  =  0.0000000000
x5  =  0.0000000000
x6  =  0.0000000000
x7  =  0.0000000000
x8  =  0.0000000000
x9  =  0.0000000000
x10  =  0.0000000000
obj =  
