modelstatus =         2.00
x(1) =    13.0979227827
x(2) =    13.8815480243
x(3) =     8.5521905732
x(4) =     4.2008772062
x(5) =     8.4016220339
x(6) =     3.1000000000
x(7) =     0.0000000000
x(8) =    13.6000000000
x(9) =     0.0000000000
x(10) =     1.1000000000
x(11) =     0.0000000000
x(12) =     1.0000000000
x(13) =     0.0000000000
x(14) =    16.9000000000
x(15) =     0.0000000000
x(16) =     8.9000000000
x(17) =     0.0000000000
x(18) =     4.4000000000
x(19) =     0.0000000000
x(20) =     7.1000000000
x(21) =     0.8000000000
x(22) =     4.0923638991
x(23) =     2.7724182612
x(24) =     3.2076361009
x(25) =     0.1275817388
x(26) =     2.7000000000
x(27) =     0.3000000000
x(28) =    13.6000000000
x(29) =     1.1000000000
x(30) =     1.0000000000
x(31) =    16.2000000000
x(32) =     8.9000000000
x(33) =     4.4000000000
x(34) =     3.1000000000
x(35) =     0.8345850600
x(36) =     0.1812379662
x(37) =     2.0952178397
x(38) =     7.2627821603
x(39) =  1576.9703173915
obj =  2109.7818327490
infeas =         0.00
nonopt =         0.00
