modelstatus =         2.00
x(1) =    -1.0000046624
x(2) =    -0.9999953376
x(3) =    -4.7977849517
x(4) =     0.9995338714
x(5) =    -0.9804524478
x(6) =     1.0004663460
obj =    -1.0000046624
infeas =         0.00
nonopt =         0.00
