modelstatus =         2.00
x(1) =     1.8091988370
x(2) =     0.6850522484
x(3) =     0.0057454482
x(4) =     0.0063905610
x(5) =     0.0618504191
x(6) =     0.2535856440
x(7) =     0.4471768423
x(8) =     0.0071660354
x(9) =     0.0096239740
x(10) =     0.5837216791
x(11) =     0.0030777095
x(12) =    -0.2402182838
x(13) =    -0.0048422579
x(14) =    -0.0015856440
x(15) =     1.2457778845
x(16) =     0.7336385737
x(17) =     0.1500000000
x(18) =     0.1500000000
x(19) =     0.2928871803
x(20) =     0.4473561710
x(21) =     0.6571940109
x(22) =     0.1500000000
x(23) =     0.1500000000
x(24) =     0.6558897721
x(25) =     0.1500000000
x(26) =     0.5347231490
x(27) =     0.1500000000
x(28) =     0.1500000000
x(29) =    18.1751050737
x(30) =    18.6545359662
x(31) =     2.5000000000
x(32) =     0.7690034663
x(33) =    16.5800000000
x(34) =    14.9464815610
x(35) =    12.9250000000
x(36) =    12.2600000000
x(37) =    12.3877176649
x(38) =    16.0800000000
x(39) =    41.8545410450
x(40) =   481.4999473582
x(41) =     0.6307298960
obj =   906.3526567687
infeas =         0.00
nonopt =         0.00
