modelstatus =  -1.00
X(1) = 	13.51646
X(2) = 	100.0000
X(3) = 	39.10004
X(4) = 	27.06673
X(5) = 	20.31677
X(6) = 	0.000000
X(7) = 	0.000000
X(8) = 	1.360466
X(9) = 	0.000000
X(10) = 	23.48953
X(11) = 	20.89960
X(12) = 	0.000000
X(13) = 	0.000000
X(14) = 	0.000000
X(15) = 	0.000000
X(16) = 	0.000000
X(17) = 	0.000000
X(18) = 	0.000000
X(19) = 	26.21118
X(20) = 	24.23646
X(21) = 	3.802764
X(22) = 	0.000000
X(23) = 	0.000000
X(24) = 	0.000000
X(25) = 	0.000000
X(26) = 	0.000000
X(27) = 	0.000000
X(28) = 	0.000000
X(29) = 	0.000000
X(30) = 	0.000000
X(31) = 	0.000000
X(32) = 	0.000000
X(33) = 	0.000000
X(34) = 	0.000000
X(35) = 	0.000000
X(36) = 	0.000000
X(37) = 	0.000000
X(38) = 	0.000000
X(39) = 	43.78882
X(40) = 	0.000000
X(41) = 	72.03382
X(42) = 	57.55154
X(43) = 	64.21151
X(44) = 	62.41431
X(45) = 	0.000000
X(46) = 	33.19736
X(47) = 	40.93425
X(48) = 	0.000000
X(49) = 	58.82374
X(50) = 	0.000000
X(51) = 	17.04465
X(52) = 	50.81546
X(53) = 	45.40818
X(54) = 	48.62886
X(55) = 	0.000000
X(56) = 	0.000000
X(57) = 	0.000000
X(58) = 	0.000000
X(59) = 	51.13230
X(60) = 	0.000000
X(61) = 	0.000000
X(62) = 	54.01520
X(63) = 	0.000000
X(64) = 	0.000000
X(65) = 	0.000000
obj = -1735.570
infeas =         0.00
nonopt =         0.00
